"","ref_aa","protein_start","alt_aa","ref","alt","alt_start_pos","consequence_terms","ref_codon","alt_codon","alt_codon_shortest","n_nuc_min","score_screen1","netgr_obs_screen1","ct_screen1_before","depth_screen1_before","maf_screen1_before","ct_screen1_after","depth_screen1_after","maf_screen1_after","score_screen2","netgr_obs_screen2","ct_screen2_before","depth_screen2_before","maf_screen2_before","ct_screen2_after","depth_screen2_after","maf_screen2_after","resmuts","resresids","species","score_mean","netgr_obs_mean"
"1","A","337","D","CC","AT","1010","missense_variant","GCC","GAT","GAC","1","-5.97243860611997","-0.0211192131404952","22","1813443","1.21316192458213e-05","0.5","2587822","1.93212670732376e-07","1.44532015653859","0.0100747903580492","22","1813443","1.21316192458213e-05","55","1664789","3.30372197317498e-05","FALSE","FALSE","A337D","-2.26355922479069","-0.00552221139122301"
"2","A","337","F","GC","TT","1009","missense_variant","GCC","TTC","TTC","2","0.329733533310832","0.00921643165012904","886","1813443","0.000488573393263532","1589","2587822","0.000614029867587493","-2.34584273201642","-0.00817405594226611","886","1813443","0.000488573393263532","160","1664789","9.61082755832721e-05","FALSE","FALSE","A337F","-1.0080545993528","0.000521187853931463"
"3","A","337","G","CC","GT","1010","missense_variant","GCC","GGT","GGC","1","3.13582769640487","0.0227236278830065","81","1813443","4.46664163141604e-05","1016","2587822","0.000392608146928189","-7.21645794123339","-0.0316188698301906","81","1813443","4.46664163141604e-05","0.5","1664789","3.00338361197725e-07","FALSE","FALSE","A337G","-2.04031512241426","-0.00444762097359207"
"4","A","337","K","GCC","AAG","1009","missense_variant","GCC","AAG","AAG","3","-9.60046982873301","-0.0385828215636736","272","1813443","0.000149990928857428","0.5","2587822","1.93212670732376e-07","-8.96407077959911","-0.0400310428275764","272","1813443","0.000149990928857428","0.5","1664789","3.00338361197725e-07","FALSE","FALSE","A337K","-9.28227030416606","-0.039306932195625"
"5","A","337","L","GCC","CTG","1009","missense_variant","GCC","CTG","CTC","2","0.19326180946062","0.00855952199309481","171","1813443","9.42957677743386e-05","279","2587822","0.000107812670268666","-2.38756985762615","-0.0083749103830248","171","1813443","9.42957677743386e-05","30","1664789","1.80203016718635e-05","FALSE","FALSE","A337L","-1.09715402408276","9.23058050350065e-05"
"6","A","337","M","GCC","ATG","1009","missense_variant","GCC","ATG","ATG","3","0.269256953612104","0.00892532629798958","232","1813443","0.000127933439319571","399","2587822","0.000154183711244436","-1.37703692885826","-0.00351068781053558","232","1813443","0.000127933439319571","82","1664789","4.9255491236427e-05","FALSE","FALSE","A337M","-0.553889987623076","0.002707319243727"
"7","A","337","N","GC","AA","1009","missense_variant","GCC","AAC","AAC","2","-4.97243860611997","-0.0163056910532734","22","1813443","1.21316192458213e-05","1","2587822","3.86425341464753e-07","-2.75107705626491","-0.0101246603125366","22","1813443","1.21316192458213e-05","3","1664789","1.80203016718635e-06","FALSE","FALSE","A337N","-3.86175783119244","-0.013215175682905"
"8","A","337","P","GCC","CCT","1009","missense_variant","GCC","CCT","CCC","1","-8.77039483017532","-0.0345872372240655","153","1813443","8.4369897482303e-05","0.5","2587822","1.93212670732376e-07","-8.13399578104142","-0.0360354584879684","153","1813443","8.4369897482303e-05","0.5","1664789","3.00338361197725e-07","FALSE","FALSE","A337P","-8.45219530560837","-0.0353113478560169"
"9","A","337","R","GCC","AGA","1009","missense_variant","GCC","AGA","CGC","2","-8.83493508237003","-0.0348979031535196","160","1813443","8.8229958151428e-05","0.5","2587822","1.93212670732376e-07","-8.19853603323613","-0.0363461244174225","160","1813443","8.8229958151428e-05","0.5","1664789","3.00338361197725e-07","FALSE","FALSE","A337R","-8.51673555780308","-0.0356220137854711"
"10","A","337","T","G","A","1009","missense_variant","GCC","ACC","ACC","1","-0.383723970537703","0.00578218819705995","736","1813443","0.000405857807496569","805","2587822","0.000311072399879126","-0.334080703948008","0.00150960501407542","736","1813443","0.000405857807496569","536","1664789","0.000321962723203962","FALSE","FALSE","A337T","-0.358902337242855","0.00364589660556769"
"11","A","337","W","GCC","TGG","1009","missense_variant","GCC","TGG","TGG","3","3.03271013585978","0.0222272692277423","177","1813443","9.76043912050172e-05","2067","2587822","0.000798741180807644","3.42065810230433","0.01958312318972","177","1813443","9.76043912050172e-05","1740","1664789","0.00104517749696808","FALSE","FALSE","A337W","3.22668411908205","0.0209051962087311"
"12","A","337","Y","GC","TA","1009","missense_variant","GCC","TAC","TAC","2","-0.218308146027125","0.00657842092191764","353","1813443","0.000194657345171588","433","2587822","0.000167322172854238","-1.86439888065355","-0.00585661532997377","353","1813443","0.000194657345171588","89","1664789","5.34602282931951e-05","FALSE","FALSE","A337Y","-1.04135351334034","0.000360902795971933"
"13","A","344","C","GC","TG","1030","missense_variant","GCC","TGC","TGC","2","-4.32543849526779","-0.0131913417292515","769","1811946.9","0.000424405373027212","52","2456457.2","2.1168697748937e-05","-2.30614526401035","-0.00798297130321208","769","1811946.9","0.000424405373027212","147","1712992.1","8.58147565304008e-05","FALSE","FALSE","A344C","-3.31579187963907","-0.0105871565162318"
"14","A","344","C","GCC","TGC","1030","missense_variant","GCC","TGC","TGC","2","-1.43903842544706","0.000702408759389286","1","1811946.9","5.51892552701186e-07","0.5","2456457.2","2.03545170662855e-07","-0.918977820884884","-0.00130581017705262","1","1811946.9","5.51892552701186e-07","0.5","1712992.1","2.91886926974152e-07","FALSE","FALSE","A344C","-1.17900812316597","-0.000301700708831664"
"15","A","344","D","CC","AT","1031","missense_variant","GCC","GAT","GAC","1","1.74173978707938","0.0160131549399393","103","1811946.9","5.68449329282221e-05","467","2456457.2","0.000190111189399107","3.8943675390151","0.0218633340262527","103","1811946.9","5.68449329282221e-05","1448","1712992.1","0.000845304540517145","FALSE","FALSE","A344D","2.81805366304724","0.018938244483096"
"16","A","344","E","CC","AG","1031","missense_variant","GCC","GAG","GAG","2","1.81797219275896","0.01638010130844","150","1811946.9","8.27838829051779e-05","717","2456457.2","0.000291883774730535","2.91694625336949","0.0171584950792768","150","1811946.9","8.27838829051779e-05","1071","1712992.1","0.000625221797578634","FALSE","FALSE","A344E","2.36745922306423","0.0167692981938584"
"17","A","344","F","GC","TT","1030","missense_variant","GCC","TTC","TTC","2","1.3014996716777","0.0138940494207722","363","1811946.9","0.00020033699663053","1213","2456457.2","0.000493800584028087","3.25403504759352","0.0187810794356292","363","1811946.9","0.00020033699663053","3274","1712992.1","0.00191127559782675","FALSE","FALSE","A344F","2.27776735963561","0.0163375644282007"
"18","A","344","G","CC","GT","1031","missense_variant","GCC","GGT","GGC","1","-0.232061496910582","0.0065122188636668","914","1811946.9","0.000504429793168884","1055","2456457.2","0.000429480310098625","-1.3713238834689","-0.00348318794036862","914","1811946.9","0.000504429793168884","334","1712992.1","0.000194980467218734","FALSE","FALSE","A344G","-0.801692690189742","0.00151451546164909"
"19","A","344","H","GC","CA","1030","missense_variant","GCC","CAC","CAC","2","3.69046738433919","0.0253933982713282","370","1811946.9","0.000204200244499439","6476","2456457.2","0.0026363170504253","5.13999384957682","0.0278591837845662","370","1811946.9","0.000204200244499439","12334","1712992.1","0.00720026671459839","FALSE","FALSE","A344H","4.41523061695801","0.0266262910279472"
"20","A","344","I","GC","AT","1030","missense_variant","GCC","ATC","ATC","2","1.5313016010327","0.0150002060834087","86","1811946.9","4.7462759532302e-05","337","2456457.2","0.000137189445026765","1.6826634209829","0.0112172474037052","86","1811946.9","4.7462759532302e-05","261","1712992.1","0.000152364975880508","FALSE","FALSE","A344I","1.6069825110078","0.013108726743557"
"21","A","344","K","GCC","AAG","1030","missense_variant","GCC","AAG","AAG","3","0.781524905259738","0.0113911393978214","451","1811946.9","0.000248903541268235","1051","2456457.2","0.000427851948733322","2.12046408448527","0.0133246105672742","451","1811946.9","0.000248903541268235","1854","1712992.1","0.00108231672522016","FALSE","FALSE","A344K","1.4509944948725","0.0123578749825478"
"22","A","344","L","GCC","CTG","1030","missense_variant","GCC","CTG","CTC","2","-1.0272612553318","0.00268450726275278","1329","1811946.9","0.000733465202539876","884","2456457.2","0.000359867861731928","0.937917216313438","0.00763239509815413","1329","1811946.9","0.000733465202539876","2407","1712992.1","0.00140514366645357","FALSE","FALSE","A344L","-0.0446720195091822","0.00515845118045346"
"23","A","344","M","GCC","ATG","1030","missense_variant","GCC","ATG","ATG","3","0.852765188569262","0.0117340560750317","1084","1811946.9","0.000598251527128085","2654","2456457.2","0.00108041776587844","1.3100537978146","0.0094236827526732","1084","1811946.9","0.000598251527128085","2541","1712992.1","0.00148336936288264","FALSE","FALSE","A344M","1.08140949319193","0.0105788694138524"
"24","A","344","N","GC","AA","1030","missense_variant","GCC","AAC","AAC","2","-0.070754694867958","0.00728867271811809","588","1811946.9","0.000324512820988297","759","2456457.2","0.000308981569066215","1.06870190747925","0.00826193009775125","588","1811946.9","0.000324512820988297","1166","1712992.1","0.000680680313703723","FALSE","FALSE","A344N","0.498973606305645","0.00777530140793467"
"25","A","344","P","GCC","CCT","1030","missense_variant","GCC","CCT","CCC","1","0.247132324843161","0.00881882890873869","977","1811946.9","0.000539199023989058","1572","2456457.2","0.000639946016564017","-0.373434306409381","0.00132017557941585","977","1811946.9","0.000539199023989058","713","1712992.1","0.000416230757865141","FALSE","FALSE","A344P","-0.0631509907831098","0.00506950224407727"
"26","A","344","R","GCC","AGA","1030","missense_variant","GCC","AGA","CGC","2","1.62324585280728","0.0154427817701188","119","1811946.9","6.56752137714411e-05","497","2456457.2","0.000202323899638878","4.88099757080712","0.0266124994762","119","1811946.9","6.56752137714411e-05","3315","1712992.1","0.00193521032583863","FALSE","FALSE","A344R","3.2521217118072","0.0210276406231594"
"27","A","344","S","GC","AG","1030","missense_variant","GCC","AGC","TCC","1","-0.636977803058969","0.00456314528054526","78","1811946.9","4.30476191106925e-05","68","2456457.2","2.76821432101483e-05","3.92619052305829","0.022016514662826","78","1811946.9","4.30476191106925e-05","1121","1712992.1","0.00065441049027605","FALSE","FALSE","A344S","1.64460635999966","0.0132898299716856"
"28","A","344","T","G","A","1030","missense_variant","GCC","ACC","ACC","1","-1.31254989643731","0.00131126408755794","502","1811946.9","0.000277050061455995","274","2456457.2","0.000111542753523245","0.109478625164344","0.00364468764175102","502","1811946.9","0.000277050061455995","512","1712992.1","0.000298892213221532","FALSE","FALSE","A344T","-0.60153563563648","0.00247797586465448"
"29","A","344","V","CC","TG","1031","missense_variant","GCC","GTG","GTC","1","6.36831649661054","0.0382832841194937","2","1811946.9","1.10378510540237e-06","224","2456457.2","9.11882364569592e-05","7.56886221293817","0.0395505952985604","2","1811946.9","1.10378510540237e-06","359","1712992.1","0.000209574813567441","FALSE","FALSE","A344V","6.96858935477436","0.0389169397090271"
"30","A","344","W","GCC","TGG","1030","missense_variant","GCC","TGG","TGG","3","11.2329448466448","0.0616992801285092","1","1811946.9","5.51892552701186e-07","3263","2456457.2","0.00132833578374579","12.8701482255403","0.0650684526109012","1","1811946.9","5.51892552701186e-07","7078","1712992.1","0.0041319513382461","FALSE","FALSE","A344W","12.0515465360926","0.0633838663697052"
"31","A","350","C","GC","TG","1048","missense_variant","GCC","TGC","TGC","2","-2.5884871648001","-0.00483048813561588","95","1733543.7","5.48010413582305e-05","22","2414605.3","9.11121995797823e-06","-7.45590441464363","-0.0327714507186582","95","1733543.7","5.48010413582305e-05","0.5","1601887.7","3.12131743067882e-07","FALSE","FALSE","A350C","-5.02219578972186","-0.018800969427137"
"32","A","350","D","CC","AT","1049","missense_variant","GCC","GAT","GAC","1","-0.312053223667521","0.00612717692012726","41","1733543.7","2.36509757440784e-05","46","2414605.3","1.9050732639409e-05","-0.65863831020961","-5.26601922406568e-05","41","1733543.7","2.36509757440784e-05","24","1601887.7","1.49823236672583e-05","FALSE","FALSE","A350D","-0.485345766938565","0.0030372583639433"
"33","A","350","E","CC","AG","1049","missense_variant","GCC","GAG","GAG","2","-8.91269140274317","-0.0352721849190568","173","1733543.7","9.97955805786725e-05","0.5","2414605.3","2.07073180863142e-07","-2.19139401700444","-0.0074306136412129","173","1733543.7","9.97955805786725e-05","35","1601887.7","2.18492220147517e-05","FALSE","FALSE","A350E","-5.55204270987381","-0.0213513992801349"
"34","A","350","H","GC","CA","1048","missense_variant","GCC","CAC","CAC","2","-8.89591568999235","-0.0351914346552019","171","1733543.7","9.8641874444815e-05","0.5","2414605.3","2.07073180863142e-07","-8.30390132119858","-0.0368533025582562","171","1733543.7","9.8641874444815e-05","0.5","1601887.7","3.12131743067882e-07","FALSE","FALSE","A350H","-8.59990850559547","-0.036022368606729"
"35","A","350","K","GCC","AAG","1048","missense_variant","GCC","AAG","AAG","3","-6.23295067726992","-0.0223731937489634","27","1733543.7","1.5575032807076e-05","0.5","2414605.3","2.07073180863142e-07","-5.64093630847615","-0.0240350616520178","27","1733543.7","1.5575032807076e-05","0.5","1601887.7","3.12131743067882e-07","FALSE","FALSE","A350K","-5.93694349287303","-0.0232041277004906"
"36","A","350","L","GCC","CTG","1048","missense_variant","GCC","CTG","CTC","2","-8.96991627143612","-0.0355476380884487","180","1733543.7","0.000103833552047174","0.5","2414605.3","2.07073180863142e-07","-8.37790190264236","-0.0372095059915031","180","1733543.7","0.000103833552047174","0.5","1601887.7","3.12131743067882e-07","FALSE","FALSE","A350L","-8.67390908703924","-0.0363785720399759"
"37","A","350","M","GCC","ATG","1048","missense_variant","GCC","ATG","ATG","3","-6.83561517972453","-0.0252741326427133","41","1733543.7","2.36509757440784e-05","0.5","2414605.3","2.07073180863142e-07","-6.24360081093077","-0.0269360005457677","41","1733543.7","2.36509757440784e-05","0.5","1601887.7","3.12131743067882e-07","FALSE","FALSE","A350M","-6.53960799532765","-0.0261050665942405"
"38","A","350","P","GCC","CCT","1048","missense_variant","GCC","CCT","CCC","1","-5.56552601635679","-0.0191605304021015","17","1733543.7","9.80650213778862e-06","0.5","2414605.3","2.07073180863142e-07","-4.97351164756302","-0.0208223983051559","17","1733543.7","9.80650213778862e-06","0.5","1601887.7","3.12131743067882e-07","FALSE","FALSE","A350P","-5.26951883195991","-0.0199914643536287"
"39","A","350","R","GCC","AGA","1048","missense_variant","GCC","AGA","CGC","2","0.0783301734179354","0.0080062960244828","17","1733543.7","9.80650213778862e-06","25","2414605.3","1.03536590431571e-05","-4.97351164756302","-0.0208223983051559","17","1733543.7","9.80650213778862e-06","0.5","1601887.7","3.12131743067882e-07","FALSE","FALSE","A350R","-2.44759073707254","-0.00640805114033656"
"40","A","350","S","GC","AG","1048","missense_variant","GCC","AGC","TCC","1","5.20843735207677","0.0327001802387724","2","1733543.7","1.15370613385749e-06","103","2414605.3","4.26570752578071e-05","3.63751314974433","0.020626959750298","2","1733543.7","1.15370613385749e-06","23","1601887.7","1.43580601811226e-05","FALSE","FALSE","A350S","4.42297525091055","0.0266635699945352"
"41","A","350","T","G","A","1048","missense_variant","GCC","ACC","ACC","1","-0.0976928077164259","0.00715900551693392","179","1733543.7","0.000103256698980245","233","2414605.3","9.64961022822239e-05","0.590137348491142","0.00595834902290042","179","1733543.7","0.000103256698980245","249","1601887.7","0.000155441608047805","FALSE","FALSE","A350T","0.246222270387358","0.00655867726991717"
"42","A","350","V","CC","TG","1049","missense_variant","GCC","GTG","GTC","1","-0.548452502997848","0.00498926376766741","84","1733543.7","4.84556576220144e-05","80","2414605.3","3.31317089381026e-05","-7.27836622909144","-0.0319168667411774","84","1733543.7","4.84556576220144e-05","0.5","1601887.7","3.12131743067882e-07","FALSE","FALSE","A350V","-3.91340936604464","-0.013463801486755"
"43","A","350","W","GCC","TGG","1048","missense_variant","GCC","TGG","TGG","3","-3.15048851707795","-0.00753569405785383","102","1733543.7","5.88390128267317e-05","16","2414605.3","6.62634178762053e-06","-7.55847414828418","-0.0332651723970174","102","1733543.7","5.88390128267317e-05","0.5","1601887.7","3.12131743067882e-07","FALSE","FALSE","A350W","-5.35448133268106","-0.0204004332274356"
"44","A","350","Y","GC","TA","1048","missense_variant","GCC","TAC","TAC","2","-1.37114797118994","0.00102920096046747","13","1733543.7","7.49908987007365e-06","7","2414605.3","2.89902453208398e-06","-2.58648852445377","-0.0093324097793603","13","1733543.7","7.49908987007365e-06","2","1601887.7","1.24852697227153e-06","FALSE","FALSE","A350Y","-1.97881824782186","-0.00415160440944642"
"45","A","365","C","GCT","TGC","1093","missense_variant","GCT","TGC","TGT","2","-1.80102158272896","-0.00104000516338945","45","3555715","1.26556824717392e-05","19","5231540","3.63181778214445e-06","-6.44265882031823","-0.0278941706705926","45","3555715","1.26556824717392e-05","0.5","3436513","1.45496321416506e-07","FALSE","FALSE","A365C","-4.1218402015236","-0.014467087916991"
"46","A","365","D","C","A","1094","missense_variant","GCT","GAT","GAT","1","-0.719367428741751","0.00416656099756325","47","3555715","1.32181572482609e-05","42","5231540","8.02822878158248e-06","0.37724847369565","0.00493360372194851","47","3555715","1.32181572482609e-05","59","3436513","1.71685659271477e-05","FALSE","FALSE","A365D","-0.171059477523051","0.00455008235975588"
"47","A","365","E","CT","AG","1094","missense_variant","GCT","GAG","GAG","2","-1.33845571336753","0.00118656586557676","55","3555715","1.54680563543479e-05","32","5231540","6.11674573834855e-06","-1.5622404360709","-0.00440216898313459","55","3555715","1.54680563543479e-05","18","3436513","5.2378675709942e-06","FALSE","FALSE","A365E","-1.45034807471922","-0.00160780155877892"
"48","A","365","F","GCT","TTC","1093","missense_variant","GCT","TTC","TTT","2","-3.1659052425184","-0.00760990280627408","122","3555715","3.43109613678262e-05","20","5231540","3.82296608646785e-06","-4.29658056083028","-0.0175639755676408","122","3555715","3.43109613678262e-05","6","3436513","1.74595585699807e-06","FALSE","FALSE","A365F","-3.73124290167434","-0.0125869391869574"
"49","A","365","G","C","G","1094","missense_variant","GCT","GGT","GGT","1","1.82992712326637","0.0164376466304887","13","3555715","3.65608604739131e-06","68","5231540","1.29980846939907e-05","0.872316513927367","0.00731662466828151","13","3555715","3.65608604739131e-06","23","3436513","6.69283078515926e-06","FALSE","FALSE","A365G","1.35112181859687","0.0118771356493851"
"50","A","365","H","GCT","CAC","1093","missense_variant","GCT","CAC","CAT","2","-6.08065795589989","-0.0216401293709257","23","3555715","6.46845993000001e-06","0.5","5231540","9.55741521616962e-08","0.110594820675589","0.00365006047349806","23","3555715","6.46845993000001e-06","24","3436513","6.98382342799227e-06","FALSE","FALSE","A365H","-2.98503156761215","-0.00899503444871381"
"51","A","365","I","GCT","ATC","1093","missense_variant","GCT","ATC","ATT","2","5.62067945156642","0.0346845166899486","28","3555715","7.87464687130436e-06","2027","5231540","0.000387457612863516","0.0491942760114457","0.00335450759558976","28","3555715","7.87464687130436e-06","28","3436513","8.14779399932432e-06","FALSE","FALSE","A365I","2.83493686378893","0.0190195121427692"
"52","A","365","L","GCT","CTG","1093","missense_variant","GCT","CTG","CTT","2","-3.66143265965761","-0.00999513497349767","43","3555715","1.20932076952174e-05","5","5231540","9.55741521616962e-07","-0.853508522633639","-0.000990672263885335","43","3555715","1.20932076952174e-05","23","3436513","6.69283078515926e-06","FALSE","FALSE","A365L","-2.25747059114562","-0.0054929036186915"
"53","A","365","M","GCT","ATG","1093","missense_variant","GCT","ATG","ATG","3","-6.22952134181437","-0.0223566865670037","51","3555715","1.43431068013044e-05","1","5231540","1.91148304323392e-07","-1.45330606451774","-0.00387781097960581","51","3555715","1.43431068013044e-05","18","3436513","5.2378675709942e-06","FALSE","FALSE","A365M","-3.84141370316605","-0.0131172487733047"
"54","A","365","N","GCT","AAC","1093","missense_variant","GCT","AAC","AAT","2","0.715922494563542","0.0110753607449602","24","3555715","6.74969731826088e-06","58","5231540","1.10866016507568e-05","-1.53576822470971","-0.0042747444090499","24","3555715","6.74969731826088e-06","8","3436513","2.32794114266409e-06","FALSE","FALSE","A365N","-0.409922865073084","0.00340030816795516"
"55","A","365","P","G","C","1093","missense_variant","GCT","CCT","CCT","1","-1.55709599984287","0.000134136017471196","74","3555715","2.08115667313044e-05","37","5231540","7.07248725996552e-06","-2.99033408817519","-0.0112763293201599","74","3555715","2.08115667313044e-05","9","3436513","2.6189337854971e-06","FALSE","FALSE","A365P","-2.27371504400903","-0.00557109665134435"
"56","A","365","Q","GCT","CAG","1093","missense_variant","GCT","CAG","CAG","3","0.0278665008782822","0.00776338802211085","24","3555715","6.74969731826088e-06","36","5231540","6.88133895564212e-06","-0.14345080193095","0.00242720625791946","24","3555715","6.74969731826088e-06","21","3436513","6.11084549949324e-06","FALSE","FALSE","A365Q","-0.0577921505263339","0.00509529714001515"
"57","A","365","R","GCT","AGA","1093","missense_variant","GCT","AGA","CGT","2","-3.14205850056403","-0.00749511598716845","6","3555715","1.68742432956522e-06","1","5231540","1.91148304323392e-07","-3.53576822470971","-0.0139017885834936","6","3555715","1.68742432956522e-06","0.5","3436513","1.45496321416506e-07","FALSE","FALSE","A365R","-3.33891336263687","-0.010698452285331"
"58","A","365","S","GCT","AGC","1093","missense_variant","GCT","AGC","TCT","1","7.62919513811612","0.0443525513096871","7","3555715","1.96866171782609e-06","2039","5231540","0.000389751392515397","2.04919427601145","0.0129815517700334","7","3555715","1.96866171782609e-06","28","3436513","8.14779399932432e-06","FALSE","FALSE","A365S","4.83919470706378","0.0286670515398603"
"59","A","365","T","GCT","ACC","1093","missense_variant","GCT","ACC","ACT","1","-1.36445092190048","0.00106143735514149","119","3555715","3.34672492030436e-05","68","5231540","1.29980846939907e-05","-3.67569848585419","-0.0145753459861832","119","3555715","3.34672492030436e-05","9","3436513","2.6189337854971e-06","FALSE","FALSE","A365T","-2.52007470387733","-0.00675695431552087"
"60","A","365","V","CT","TG","1094","missense_variant","GCT","GTG","GTT","1","-4.72702100128519","-0.0151243679918081","9","3555715","2.53113649434783e-06","0.5","5231540","9.55741521616962e-08","-4.12073072543087","-0.0167175185009114","9","3555715","2.53113649434783e-06","0.5","3436513","1.45496321416506e-07","FALSE","FALSE","A365V","-4.42387586335803","-0.0159209432463597"
"61","A","365","Y","GCT","TAC","1093","missense_variant","GCT","TAC","TAT","2","1.57218701710209","0.015197008936704","16","3555715","4.49979821217392e-06","70","5231540","1.33803813026375e-05","2.95608487161996","0.0173468896826888","16","3555715","4.49979821217392e-06","120","3436513","3.49191171399613e-05","FALSE","FALSE","A365Y","2.26413594436103","0.0162719493096964"
"62","A","366","C","GC","TG","1096","missense_variant","GCC","TGC","TGC","2","-1.83935121327057","-0.00122450568659653","180","3556071.2","5.06176591739783e-05","74","5231540","1.4144974519931e-05","-1.25268974416518","-0.00291213989053161","180","3556071.2","5.06176591739783e-05","73","3436513","2.12424629268098e-05","FALSE","FALSE","A366C","-1.54602047871788","-0.00206832278856407"
"63","A","366","D","CC","AT","1097","missense_variant","GCC","GAT","GAC","1","-6.01638310120714","-0.0213307409382092","22","3556071.2","6.18660278793068e-06","0.5","5231540","9.55741521616962e-08","-4.41009282535282","-0.0181103693600906","22","3556071.2","6.18660278793068e-06","1","3436513","2.90992642833011e-07","FALSE","FALSE","A366D","-5.21323796327998","-0.0197205551491499"
"64","A","366","E","CC","AG","1097","missense_variant","GCC","GAG","GAG","2","-4.50531871415452","-0.0140571991359171","247","3556071.2","6.94586767554035e-05","16","5231540","3.05837286917428e-06","-1.92174851480029","-0.00613266906063318","247","3556071.2","6.94586767554035e-05","63","3436513","1.83325364984797e-05","FALSE","FALSE","A366E","-3.2135336144774","-0.0100949340982751"
"65","A","366","F","GC","TT","1096","missense_variant","GCC","TTC","TTC","2","-1.70134139190502","-0.000560192363199915","42","3556071.2","1.18107871405949e-05","19","5231540","3.63181778214445e-06","-0.342978629494286","0.00146677465292795","42","3556071.2","1.18107871405949e-05","32","3436513","9.31176457065636e-06","FALSE","FALSE","A366F","-1.02216001069965","0.000453291144864018"
"66","A","366","G","CC","GT","1097","missense_variant","GCC","GGT","GGC","1","0.132853384008809","0.00826874470292822","199","3556071.2","5.59606343090093e-05","321","5231540","6.13586056878089e-05","-1.16102107255708","-0.00247089071503971","199","3556071.2","5.59606343090093e-05","86","3436513","2.5025367283639e-05","FALSE","FALSE","A366G","-0.514083844274134","0.00289892699394426"
"67","A","366","H","GC","CA","1096","missense_variant","GCC","CAC","CAC","2","-3.141913983291","-0.00749442035008274","78","3556071.2","2.19343189753906e-05","13","5231540","2.4849279562041e-06","-7.23606342557777","-0.031713241262113","78","3556071.2","2.19343189753906e-05","0.5","3436513","1.45496321416506e-07","FALSE","FALSE","A366H","-5.18898870443439","-0.0196038308060979"
"68","A","366","I","GC","AT","1096","missense_variant","GCC","ATC","ATC","2","-0.589794739256862","0.0047902620002995","311","3556071.2","8.74560666839292e-05","304","5231540","5.81090845143113e-05","-1.31256873957153","-0.00320036875748074","311","3556071.2","8.74560666839292e-05","121","3436513","3.52101097827944e-05","FALSE","FALSE","A366I","-0.951181739414197","0.00079494662140938"
"69","A","366","K","GCC","AAG","1096","missense_variant","GCC","AAG","AAG","3","-6.01638310120714","-0.0213307409382092","22","3556071.2","6.18660278793068e-06","0.5","5231540","9.55741521616962e-08","0.397262096704782","0.0050299397383483","22","3556071.2","6.18660278793068e-06","28","3436513","8.14779399932432e-06","FALSE","FALSE","A366K","-2.80956050225118","-0.00815040059993044"
"70","A","366","L","GCC","CTG","1096","missense_variant","GCC","CTG","CTC","2","-0.266501619155651","0.00634644057455354","139","3556071.2","3.90880812510166e-05","170","5231540","3.24952117349767e-05","-2.98213943818869","-0.0112368841914528","139","3556071.2","3.90880812510166e-05","17","3436513","4.94687492816119e-06","FALSE","FALSE","A366L","-1.62432052867217","-0.00244522180844965"
"71","A","366","M","GCC","ATG","1096","missense_variant","GCC","ATG","ATG","3","-1.72133830047073","-0.000656447924257103","65","3556071.2","1.82785991461588e-05","29","5231540","5.54330082537838e-06","-0.218141517580511","0.00206768084842989","65","3556071.2","1.82785991461588e-05","54","3436513","1.57136027129826e-05","FALSE","FALSE","A366M","-0.969739909025619","0.000705616462086394"
"72","A","366","N","GC","AA","1096","missense_variant","GCC","AAC","AAC","2","-0.800877065455934","0.0037742125609181","45","3556071.2","1.26544147934946e-05","38","5231540","7.26363556428891e-06","2.76693906258375","0.0164364321531876","45","3556071.2","1.26544147934946e-05","296","3436513","8.61338222785713e-05","FALSE","FALSE","A366N","0.983030998563908","0.0101053223570528"
"73","A","366","Q","GCC","CAG","1096","missense_variant","GCC","CAG","CAG","3","-6.43959453193169","-0.0233678785075665","118","3556071.2","3.31826876807191e-05","2","5231540","3.82296608646785e-07","2.50208609861656","0.0151615565612653","118","3556071.2","3.31826876807191e-05","646","3436513","0.000187981247270125","FALSE","FALSE","A366Q","-1.96875421665756","-0.00410316097315061"
"74","A","366","R","GCC","AGA","1096","missense_variant","GCC","AGA","CGC","2","1.15925555142956","0.0132093542061804","21","3556071.2","5.90539357029747e-06","69","5231540","1.31892329983141e-05","-0.758016128773129","-0.000531017516876083","21","3556071.2","5.90539357029747e-06","12","3436513","3.49191171399613e-06","FALSE","FALSE","A366R","0.200619711328217","0.00633916834465215"
"75","A","366","S","GC","AG","1096","missense_variant","GCC","AGC","TCC","1","1.66822337943793","0.015659282087984","37","3556071.2","1.04047410524289e-05","173","5231540","3.30686566479469e-05","-6.16011457234448","-0.0265341376923535","37","3556071.2","1.04047410524289e-05","0.5","3436513","1.45496321416506e-07","FALSE","FALSE","A366S","-2.24594559645327","-0.00543742780218475"
"76","A","366","T","G","A","1096","missense_variant","GCC","ACC","ACC","1","-0.0550600539818704","0.00736421921867429","697","3556071.2","0.000196002824690349","987","5231540","0.000188663376367188","0.56866481520847","0.00585499050967567","697","3556071.2","0.000196002824690349","999","3436513","0.000290701650190178","FALSE","FALSE","A366T","0.2568023806133","0.00660960486417498"
"77","A","366","V","CC","TG","1097","missense_variant","GCC","GTG","GTC","1","-2.25996974481271","-0.00324916227846946","140","3556071.2","3.93692904686498e-05","43","5231540","8.21937708590587e-06","0.45143723685582","0.00529071297204366","140","3556071.2","3.93692904686498e-05","185","3436513","5.38336389241071e-05","FALSE","FALSE","A366V","-0.904266253978447","0.0010207753467871"
"78","A","366","W","GCC","TGG","1096","missense_variant","GCC","TGG","TGG","3","0.475228923179305","0.00991677692284989","133","3556071.2","3.74008259452173e-05","272","5231540","5.19923387759627e-05","-2.91848080096638","-0.0109304619351408","133","3556071.2","3.74008259452173e-05","17","3436513","4.94687492816119e-06","FALSE","FALSE","A366W","-1.22162593889354","-0.00050684250614544"
"79","A","366","Y","GC","TA","1096","missense_variant","GCC","TAC","TAC","2","-3.36430640462745","-0.00856491118221648","161","3556071.2","4.52746840389473e-05","23","5231540","4.39641099943802e-06","-7.28157808483014","-0.0319323270797166","161","3556071.2","4.52746840389473e-05","1","3436513","2.90992642833011e-07","FALSE","FALSE","A366Y","-5.3229422447288","-0.0202486191309666"
"80","A","380","C","GCT","TGC","1138","missense_variant","GCT","TGC","TGT","2","0.382750687773652","0.00947163089413747","24","3558790.3","6.74386462163843e-06","46","5231540","8.79282199887605e-06","0.509873126929412","0.00557199541959936","24","3558790.3","6.74386462163843e-06","33","3436513","9.60275721348937e-06","FALSE","FALSE","A380C","0.446311907351532","0.00752181315686842"
"81","A","380","D","C","A","1139","missense_variant","GCT","GAT","GAT","1","-0.524821871941581","0.00510301033219174","46","3558790.3","1.2925740524807e-05","47","5231540","8.98397030319944e-06","0.334234474292706","0.00472655488576269","46","3558790.3","1.2925740524807e-05","56","3436513","1.62955879986486e-05","FALSE","FALSE","A380D","-0.0952936988244375","0.00491478260897721"
"82","A","380","E","CT","AG","1139","missense_variant","GCT","GAG","GAG","2","-4.14081126828336","-0.0123026344942594","6","3558790.3","1.68596615540961e-06","0.5","5231540","9.55741521616962e-08","0.635404009013271","0.00617624109313846","6","3558790.3","1.68596615540961e-06","9","3436513","2.6189337854971e-06","FALSE","FALSE","A380E","-1.75270362963505","-0.00306319670056047"
"83","A","380","F","GCT","TTC","1138","missense_variant","GCT","TTC","TTT","2","-1.77824118889865","-0.000930351234531644","7","3558790.3","1.96696051464454e-06","3","5231540","5.73444912970177e-07","0.828049086955667","0.00710354243080875","7","3558790.3","1.96696051464454e-06","12","3436513","3.49191171399613e-06","FALSE","FALSE","A380F","-0.475096050971493","0.00308659559813855"
"84","A","380","G","C","G","1139","missense_variant","GCT","GGT","GGT","1","-0.403845674117155","0.00568533193244773","18","3558790.3","5.05789846622882e-06","20","5231540","3.82296608646785e-06","-0.949558491707886","-0.00145301091150119","18","3558790.3","5.05789846622882e-06","9","3436513","2.6189337854971e-06","FALSE","FALSE","A380G","-0.67670208291252","0.00211616051047327"
"85","A","380","H","GCT","CAC","1138","missense_variant","GCT","CAC","CAT","2","1.02911373315895","0.0125829136894636","27","3558790.3","7.58684769934323e-06","81","5231540","1.54830126501948e-05","0.339948125487099","0.00475405767198559","27","3558790.3","7.58684769934323e-06","33","3436513","9.60275721348937e-06","FALSE","FALSE","A380H","0.684530929323025","0.00866848568072459"
"86","A","380","I","GCT","ATC","1138","missense_variant","GCT","ATC","ATT","2","-4.87777686244957","-0.015850034659301","10","3558790.3","2.80994359234934e-06","0.5","5231540","9.55741521616962e-08","-1.68652408587409","-0.0050004110765428","10","3558790.3","2.80994359234934e-06","3","3436513","8.72977928499034e-07","FALSE","FALSE","A380I","-3.28215047416183","-0.0104252228679219"
"87","A","380","K","GCT","AAG","1138","missense_variant","GCT","AAG","AAG","3","-6.80377628100579","-0.0251208754004978","38","3558790.3","1.06777856509275e-05","0.5","5231540","9.55741521616962e-08","-6.19748600515147","-0.0267140259096011","38","3558790.3","1.06777856509275e-05","0.5","3436513","1.45496321416506e-07","FALSE","FALSE","A380K","-6.50063114307863","-0.0259174506550495"
"88","A","380","L","GCT","CTG","1138","missense_variant","GCT","CTG","CTT","2","-1.55584876756221","0.000140139597602092","1","3558790.3","2.80994359234934e-07","0.5","5231540","9.55741521616962e-08","3.22036650973443","0.0186190151849999","1","3558790.3","2.80994359234934e-07","9","3436513","2.6189337854971e-06","FALSE","FALSE","A380L","0.832258871086111","0.00937957739130102"
"89","A","380","M","GCT","ATG","1138","missense_variant","GCT","ATG","ATG","3","-3.91340077218029","-0.0112079890484012","41","3558790.3","1.15207687286323e-05","4","5231540","7.64593217293569e-07","-1.49975557426837","-0.00410139672073108","41","3558790.3","1.15207687286323e-05","14","3436513","4.07389699966216e-06","FALSE","FALSE","A380M","-2.70657817322433","-0.00765469288456613"
"90","A","380","N","GCT","AAC","1138","missense_variant","GCT","AAC","AAT","2","1.76607932732516","0.0161303138545052","4","3558790.3","1.12397743693974e-06","20","5231540","3.82296608646785e-06","2.22036650973443","0.0138054930977781","4","3558790.3","1.12397743693974e-06","18","3436513","5.2378675709942e-06","FALSE","FALSE","A380N","1.99322291852979","0.0149679034761416"
"91","A","380","P","G","C","1138","missense_variant","GCT","CCT","CCT","1","-2.61474245661577","-0.00495686856267708","25","3558790.3","7.02485898087336e-06","6","5231540","1.14688982594035e-06","1.07901066048889","0.00831155150805485","25","3558790.3","7.02485898087336e-06","51","3436513","1.48406247844836e-05","FALSE","FALSE","A380P","-0.767865898063444","0.00167734147268889"
"92","A","380","Q","GCT","CAG","1138","missense_variant","GCT","CAG","CAG","3","-2.01104339331303","-0.00205094978743419","85","3558790.3","2.38845205349694e-05","31","5231540","5.92559743402516e-06","1.40923489693134","0.00990109316390657","85","3558790.3","2.38845205349694e-05","218","3436513","6.34363961375964e-05","FALSE","FALSE","A380Q","-0.300904248190846","0.00392507168823619"
"93","A","380","R","GCT","AGA","1138","missense_variant","GCT","AGA","CGT","2","-1.65538444111312","-0.000338977565501738","15","3558790.3","4.21491538852402e-06","7","5231540","1.33803813026375e-06","-0.397017468679107","0.00120665750694398","15","3558790.3","4.21491538852402e-06","11","3436513","3.20091907116312e-06","FALSE","FALSE","A380R","-1.02620095489611","0.000433839970721123"
"94","A","380","S","GCT","AGC","1138","missense_variant","GCT","AGC","TCT","1","-5.46273936317072","-0.0186657645767188","15","3558790.3","4.21491538852402e-06","0.5","5231540","9.55741521616962e-08","0.391478426127182","0.0050020999122778","15","3558790.3","4.21491538852402e-06","19","3436513","5.52886021382721e-06","FALSE","FALSE","A380S","-2.53563046852177","-0.0068318323322205"
"95","A","380","T","GCT","ACC","1138","missense_variant","GCT","ACC","ACT","1","0.215882244764678","0.00866840595805346","41","3558790.3","1.15207687286323e-05","70","5231540","1.33803813026375e-05","-4.30711049632597","-0.0176146616447263","41","3558790.3","1.15207687286323e-05","2","3436513","5.81985285666023e-07","FALSE","FALSE","A380T","-2.04561412578065","-0.00447312784333643"
"96","A","380","W","GCT","TGG","1138","missense_variant","GCT","TGG","TGG","3","-0.839641733562796","0.00358761797478189","28","3558790.3","7.86784205857816e-06","23","5231540","4.39641099943802e-06","-1.0564736956244","-0.00196764960701315","28","3558790.3","7.86784205857816e-06","13","3436513","3.78290435682915e-06","FALSE","FALSE","A380W","-0.948057714593597","0.000809984183884371"
"97","A","380","Y","GCT","TAC","1138","missense_variant","GCT","TAC","TAT","2","-3.21881378028463","-0.00786457922141447","19","3558790.3","5.33889282546375e-06","3","5231540","5.73444912970177e-07","0.609868916906133","0.00605332736328151","19","3558790.3","5.33889282546375e-06","28","3436513","8.14779399932432e-06","FALSE","FALSE","A380Y","-1.30447243168925","-0.000905625929066484"
"98","C","330","D","TGC","GAT","988","missense_variant","TGC","GAT","GAC","2","1.31961954780428","0.0139812698447253","383","1725336.8","0.000221985643614626","1350","2436485.4","0.000554076786177336","0.0509263582474785","0.00336284501168978","383","1725336.8","0.000221985643614626","407","1769861","0.00022996156195317","FALSE","FALSE","C330D","0.685272953025881","0.00867205742820753"
"99","C","330","E","TGC","GAG","988","missense_variant","TGC","GAG","GAG","3","3.10841258930477","0.0225916646594566","134","1725336.8","7.76659954160834e-05","1632","2436485.4","0.000669817270401046","1.77979581481026","0.0116847963267779","134","1725336.8","7.76659954160834e-05","472","1769861","0.000266687609930949","FALSE","FALSE","C330E","2.44410420205751","0.0171382304931173"
"100","C","330","F","G","T","989","missense_variant","TGC","TTC","TTC","1","-2.14604224521996","-0.00270076974283779","1144","1725336.8","0.000663058945940294","365","2436485.4","0.000149805945892391","-2.56000476032855","-0.00920492959579077","1144","1725336.8","0.000663058945940294","199","1769861","0.000112438208424277","FALSE","FALSE","C330F","-2.35302350277426","-0.00595284966931428"
"101","C","330","G","TGC","GGT","988","missense_variant","TGC","GGT","GGC","1","-0.559652551960659","0.00493535208460695","382","1725336.8","0.000221406046633909","366","2436485.4","0.000150216373141411","-9.61418687212956","-0.0431603909982301","382","1725336.8","0.000221406046633909","0.5","1769861","2.82508061367531e-07","FALSE","FALSE","C330G","-5.08691971204511","-0.0191125194568116"
"102","C","330","H","TG","CA","988","missense_variant","TGC","CAC","CAC","2","-11.545047474323","-0.0479430890110387","1058","1725336.8","0.000613213605598629","0.5","2436485.4","2.05213624510124e-07","-3.201238906846","-0.0122915243231333","1058","1725336.8","0.000613213605598629","118","1769861","6.66719024827373e-05","FALSE","FALSE","C330H","-7.37314319058449","-0.030117306667086"
"103","C","330","H","TGC","CAC","988","missense_variant","TGC","CAC","CAC","2","-1.49792356220895","0.000418963852976836","1","1725336.8","5.7959698071704e-07","0.5","2436485.4","2.05213624510124e-07","-1.03675804409381","-0.00187274788290671","1","1725336.8","5.7959698071704e-07","0.5","1769861","2.82508061367531e-07","FALSE","FALSE","C330H","-1.26734080315138","-0.000726892014964936"
"104","C","330","K","TGC","AAG","988","missense_variant","TGC","AAG","AAG","3","-0.776224724696057","0.00389287714766749","57","1725336.8","3.30370279008713e-05","47","2436485.4","1.92900807039517e-05","4.1104915193806","0.0229036515793204","57","1725336.8","3.30370279008713e-05","1010","1769861","0.000570666283962413","FALSE","FALSE","C330K","1.66713339734227","0.0133982643634939"
"105","C","330","L","TGC","CTG","988","missense_variant","TGC","CTG","CTC","2","0.665575170073927","0.0108330127864969","100","1725336.8","5.7959698071704e-05","224","2436485.4","9.19357037805357e-05","-0.126025382190899","0.00251108390071731","100","1725336.8","5.7959698071704e-05","94","1769861","5.31115155370958e-05","FALSE","FALSE","C330L","0.269774893941514","0.00667204834360712"
"106","C","330","M","TGC","ATG","988","missense_variant","TGC","ATG","ATG","3","-10.4809171369033","-0.0428208741281861","506","1725336.8","0.000293276072242822","0.5","2436485.4","2.05213624510124e-07","-0.98083262949582","-0.00160354966450223","506","1725336.8","0.000293276072242822","263","1769861","0.000148599240279321","FALSE","FALSE","C330M","-5.73087488319954","-0.0222122118963442"
"107","C","330","N","TG","AA","988","missense_variant","TGC","AAC","AAC","2","0.355943932470498","0.00934259598539899","218","1725336.8","0.000126352141796315","394","2436485.4","0.000161708336113978","-0.51954015000849","0.000616891874179358","218","1725336.8","0.000126352141796315","156","1769861","8.81425151466697e-05","FALSE","FALSE","C330N","-0.0817981087689961","0.00497974392978917"
"108","C","330","Q","TGC","CAG","988","missense_variant","TGC","CAG","CAG","3","-9.48660824898112","-0.0380347463346519","254","1725336.8","0.000147217633102128","0.5","2436485.4","2.05213624510124e-07","-1.1799526799216","-0.00256201842523547","254","1725336.8","0.000147217633102128","115","1769861","6.49768541145322e-05","FALSE","FALSE","C330Q","-5.33328046445136","-0.0202983823799437"
"109","C","330","S","T","A","988","missense_variant","TGC","AGC","AGC","1","-6.11997538166533","-0.0218293846682603","197","1725336.8","0.000114180605201257","4","2436485.4","1.64170899608099e-06","0.501061473228202","0.00552958032988364","197","1725336.8","0.000114180605201257","286","1769861","0.000161594611102228","FALSE","FALSE","C330S","-2.80945695421856","-0.00814990216918835"
"110","C","330","T","TG","AC","988","missense_variant","TGC","ACC","ACC","2","-1.49792356220895","0.000418963852976836","1","1725336.8","5.7959698071704e-07","0.5","2436485.4","2.05213624510124e-07","-1.03675804409381","-0.00187274788290671","1","1725336.8","5.7959698071704e-07","0.5","1769861","2.82508061367531e-07","FALSE","FALSE","C330T","-1.26734080315138","-0.000726892014964936"
"111","C","330","V","TGC","GTG","988","missense_variant","TGC","GTG","GTC","2","6.03345789830736","0.0366714348604652","2","1725336.8","1.15919396143408e-06","185","2436485.4","7.5929041068746e-05","-1.03675804409381","-0.00187274788290671","2","1725336.8","1.15919396143408e-06","1","1769861","5.65016122735062e-07","FALSE","FALSE","C330V","2.49834992710677","0.0173993434887792"
"112","C","330","W","C","G","990","missense_variant","TGC","TGG","TGG","1","4.05666528946869","0.0271560999759634","6","1725336.8","3.47758188430224e-06","141","2436485.4","5.78702421118551e-05","7.32079396052427","0.0383565132864276","6","1725336.8","3.47758188430224e-06","984","1769861","0.000555975864771301","FALSE","FALSE","C330W","5.68872962499648","0.0327563066311955"
"113","C","330","Y","G","A","989","missense_variant","TGC","TAC","TAC","1","-0.917622438857659","0.00321225612746793","1240","1725336.8","0.00071870025608913","927","2436485.4","0.00038046605984177","-1.27670883681456","-0.00302775632351444","1240","1725336.8","0.00071870025608913","525","1769861","0.000296633464435908","FALSE","FALSE","C330Y","-1.09716563783611","9.22499019767472e-05"
"114","C","369","A","TGC","GCT","1105","missense_variant","TGC","GCT","GCC","2","-0.196349028416507","0.00668412161955225","81","3556102.6","2.27777455014937e-05","104","5231540","1.98794236496328e-05","-0.161215453758312","0.00234169571397664","81","3556102.6","2.27777455014937e-05","70","3436513","2.03694849983108e-05","FALSE","FALSE","C369A","-0.17878224108741","0.00451290866676445"
"115","C","369","D","TGC","GAT","1105","missense_variant","TGC","GAT","GAC","2","-0.430181601387035","0.00555856336484669","98","3556102.6","2.75582599894615e-05","107","5231540","2.0452868562603e-05","-0.783998598409203","-0.000656084708349891","98","3556102.6","2.75582599894615e-05","55","3436513","1.60045953558156e-05","FALSE","FALSE","C369D","-0.607090099898119","0.0024512393282484"
"116","C","369","F","G","T","1106","missense_variant","TGC","TTC","TTC","1","-0.64255552575794","0.00453629678913736","781","3556102.6","0.000219622459711933","736","5231540","0.000140685151982017","0.437352274976988","0.00522291469694222","781","3556102.6","0.000219622459711933","1022","3436513","0.000297394480975337","FALSE","FALSE","C369F","-0.102601625390476","0.00487960574303979"
"117","C","369","G","TGC","GGT","1105","missense_variant","TGC","GGT","GGC","1","0.847451511406361","0.0117084785726437","17","3556102.6","4.78051448796781e-06","45","5231540","8.60167369455265e-06","-5.03811130906899","-0.021133350202642","17","3556102.6","4.78051448796781e-06","0.5","3436513","1.45496321416506e-07","FALSE","FALSE","C369G","-2.09532989883132","-0.00471243581499914"
"118","C","369","H","TG","CA","1105","missense_variant","TGC","CAC","CAC","2","0.793558503411159","0.011449063388312","20","3556102.6","5.62413469172684e-06","51","5231540","9.74856352049301e-06","-4.27257656270602","-0.017448431792488","20","3556102.6","5.62413469172684e-06","1","3436513","2.90992642833011e-07","FALSE","FALSE","C369H","-1.73950902964743","-0.00299968420208802"
"119","C","369","I","TG","AT","1105","missense_variant","TGC","ATC","ATC","2","-1.91057569828767","-0.00156734631837736","69","3556102.6","1.94032646864576e-05","27","5231540","5.16100421673159e-06","1.22622929426543","0.00902019165338885","69","3556102.6","1.94032646864576e-05","156","3436513","4.53948522819498e-05","FALSE","FALSE","C369I","-0.342173202011125","0.00372642266750574"
"120","C","369","L","TGC","CTG","1105","missense_variant","TGC","CTG","CTC","2","-0.0626745532435551","0.00732756665829504","93","3556102.6","2.61522263165298e-05","131","5231540","2.50404278663644e-05","-0.631826283799113","7.64000890894456e-05","93","3556102.6","2.61522263165298e-05","58","3436513","1.68775732843147e-05","FALSE","FALSE","C369L","-0.347250418521334","0.00370198337369224"
"121","C","369","M","TGC","ATG","1105","missense_variant","TGC","ATG","ATG","3","-3.41491973880055","-0.00880853958416662","87","3556102.6","2.44649859090117e-05","12","5231540","2.29377965188071e-06","-1.07166386878002","-0.00204076784100646","87","3556102.6","2.44649859090117e-05","40","3436513","1.16397057133204e-05","FALSE","FALSE","C369M","-2.24329180379028","-0.00542465371258654"
"122","C","369","N","TG","AA","1105","missense_variant","TGC","AAC","AAC","2","1.209862080034","0.0134529498493754","67","3556102.6","1.88408512172849e-05","228","5231540","4.35818133857335e-05","-1.26185015611296","-0.00295623373577028","67","3556102.6","1.88408512172849e-05","27","3436513","7.8568013564913e-06","FALSE","FALSE","C369N","-0.0259940380394812","0.00524835805680259"
"123","C","369","P","TGC","CCT","1105","missense_variant","TGC","CCT","CCC","2","-0.311826245836443","0.00612826948293047","27","3556102.6","7.59258183383123e-06","32","5231540","6.11674573834855e-06","1.12735404418262","0.00854425345323568","27","3556102.6","7.59258183383123e-06","57","3436513","1.65865806414816e-05","FALSE","FALSE","C369P","0.407763899173088","0.00733626146808307"
"124","C","369","Q","TGC","CAG","1105","missense_variant","TGC","CAG","CAG","3","-3.55693874367297","-0.00949215120092532","4","3556102.6","1.12482693834537e-06","0.5","5231540","9.55741521616962e-08","1.95624212778986","0.0125341245515141","4","3556102.6","1.12482693834537e-06","15","3436513","4.36488964249517e-06","FALSE","FALSE","C369Q","-0.800348307941555","0.00152098667529441"
"125","C","369","R","TGC","AGA","1105","missense_variant","TGC","AGA","CGC","1","-0.235010648785612","0.00649802305597777","4","3556102.6","1.12482693834537e-06","5","5231540","9.55741521616962e-07","1.50878315081864","0.0103802708827375","4","3556102.6","1.12482693834537e-06","11","3436513","3.20091907116312e-06","FALSE","FALSE","C369R","0.636886251016516","0.00843914696935762"
"126","C","369","S","T","A","1105","missense_variant","TGC","AGC","AGC","1","0.203110463606274","0.00860692870735432","62","3556102.6","1.74348175443532e-05","105","5231540","2.00705719539562e-05","0.361941762489372","0.00485992452947437","62","3556102.6","1.74348175443532e-05","77","3436513","2.24064334981419e-05","FALSE","FALSE","C369S","0.282526113047823","0.00673342661841434"
"127","C","369","T","TG","AC","1105","missense_variant","TGC","ACC","ACC","2","1.72526307289878","0.0159338439123061","81","3556102.6","2.27777455014937e-05","394","5231540","7.53124319034166e-05","3.31498104735839","0.0190744443516252","81","3556102.6","2.27777455014937e-05","779","3436513","0.000226683268766916","FALSE","FALSE","C369T","2.52012206012858","0.0175041441319657"
"128","C","369","T","TGC","ACC","1105","missense_variant","TGC","ACC","ACC","2","-1.55693874367297","0.000134892973518363","1","3556102.6","2.81206734586342e-07","0.5","5231540","9.55741521616962e-08","-0.950648467818654","-0.00145825753558492","1","3556102.6","2.81206734586342e-07","0.5","3436513","1.45496321416506e-07","FALSE","FALSE","C369T","-1.25379360574581","-0.000661682281033279"
"129","C","369","V","TGC","GTG","1105","missense_variant","TGC","GTG","GTC","2","-8.42730346325638","-0.0329357593514661","234","3556102.6","6.5802375893204e-05","1","5231540","1.91148304323392e-07","-1.91412259179354","-0.00609596151180475","234","3556102.6","6.5802375893204e-05","60","3436513","1.74595585699807e-05","FALSE","FALSE","C369V","-5.17071302752496","-0.0195158604316354"
"130","C","369","W","C","G","1107","missense_variant","TGC","TGG","TGG","1","-0.878866838560336","0.00339880706550264","25","3556102.6","7.03016836465854e-06","20","5231540","3.82296608646785e-06","-0.894064939452287","-0.00118589147202047","25","3556102.6","7.03016836465854e-06","13","3436513","3.78290435682915e-06","FALSE","FALSE","C369W","-0.886465889006311","0.00110645779674109"
"131","C","369","Y","G","A","1106","missense_variant","TGC","TAC","TAC","1","-0.0118597791494441","0.00757216469575423","978","3556102.6","0.000275020186425442","1427","5231540","0.000272768630269481","0.311648175257621","0.00461783523648871","978","3556102.6","0.000275020186425442","1173","3436513","0.000341334370043122","FALSE","FALSE","C369Y","0.149894198054088","0.00609499996612147"
"132","D","325","A","AC","CT","974","missense_variant","GAC","GCT","GCC","1","-0.799831097384931","0.0037792473513304","1397","1721425.3","0.000811536811966223","1210","2595674.9","0.000466160072665494","0.596309671535964","0.00598805963620614","1397","1721425.3","0.000811536811966223","2002","1631731.7","0.00122691739089214","FALSE","FALSE","D325A","-0.101760712924483","0.00488365349376827"
"133","D","325","C","GA","TG","973","missense_variant","GAC","TGC","TGC","2","-0.285324614619249","0.00625583567014184","413","1721425.3","0.000239917468390874","511","2595674.9","0.000196865948043031","-0.805443331252408","-0.00075930940354523","413","1721425.3","0.000239917468390874","224","1631731.7","0.00013727747030961","FALSE","FALSE","D325C","-0.545383972935828","0.0027482631332983"
"134","D","325","E","C","G","975","missense_variant","GAC","GAG","GAG","1","-2.43421255098581","-0.00408788387452315","595","1721425.3","0.000345643810393631","166","2595674.9","6.3952538894605e-05","-1.30034235198893","-0.00314151677080493","595","1721425.3","0.000345643810393631","229","1631731.7","0.000140341699557593","FALSE","FALSE","D325E","-1.86727745148737","-0.00361470032266404"
"135","D","325","F","GA","TT","973","missense_variant","GAC","TTC","TTC","2","0.393478853649789","0.00952327115753764","1293","1721425.3","0.000751121759393219","2561","2595674.9","0.000986641277765563","-0.724031465080017","-0.000367431587562482","1293","1721425.3","0.000751121759393219","742","1631731.7","0.000454731620400584","FALSE","FALSE","D325F","-0.165276305715114","0.00457791978498758"
"136","D","325","H","G","C","973","missense_variant","GAC","CAC","CAC","1","1.28146422280023","0.0137976083450732","263","1721425.3","0.000152780373333656","964","2595674.9","0.000371387033098791","-7.96171927118287","-0.0352062017026548","263","1721425.3","0.000152780373333656","1","1631731.7","6.12845849596475e-07","FALSE","FALSE","D325H","-3.34012752419132","-0.0107042966787908"
"137","D","325","I","GA","AT","973","missense_variant","GAC","ATC","ATC","2","0.963756064330423","0.0122683131069881","440","1721425.3","0.000255602145501173","1294","2595674.9","0.000498521598371198","0.0573912370292535","0.00339396384849707","440","1721425.3","0.000255602145501173","434","1631731.7","0.00026597509872487","FALSE","FALSE","D325I","0.510573650679838","0.0078311384777426"
"138","D","325","K","GAC","AAG","973","missense_variant","GAC","AAG","AAG","2","-0.209067819803768","0.0066228994362869","877","1721425.3","0.000509461549101201","1144","2595674.9","0.000440733159611013","0.565209285891303","0.00583835724298444","877","1721425.3","0.000509461549101201","1230","1631731.7","0.000753800395003664","FALSE","FALSE","D325K","0.178070733043767","0.00623062833963567"
"139","D","325","L","GAC","CTG","973","missense_variant","GAC","CTG","CTC","2","-10.3606904489144","-0.042242160310078","436","1721425.3","0.00025327848963298","0.5","2595674.9","1.92628129200618e-07","-9.69098460666749","-0.0435300585896771","436","1721425.3","0.00025327848963298","0.5","1631731.7","3.06422924798237e-07","FALSE","FALSE","D325L","-10.0258375277909","-0.0428861094498775"
"140","D","325","M","GAC","ATG","973","missense_variant","GAC","ATG","ATG","3","0.144459470028781","0.00832461085433155","1425","1721425.3","0.000827802403043571","2375","2595674.9","0.000914983613702933","-0.969093934164501","-0.00154704519524976","1425","1721425.3","0.000827802403043571","690","1631731.7","0.000422863636221568","FALSE","FALSE","D325M","-0.41231723206786","0.00338878282954089"
"141","D","325","N","G","A","973","missense_variant","GAC","AAC","AAC","1","-0.141286288551935","0.00694916733407331","945","1721425.3","0.000548963698860473","1292","2595674.9","0.000497751085854396","0.659615536720243","0.00629278381652135","945","1721425.3","0.000548963698860473","1415","1631731.7","0.000867176877179012","FALSE","FALSE","D325N","0.259164624084154","0.00662097557529733"
"142","D","325","P","GAC","CCT","973","missense_variant","GAC","CCT","CCC","2","-7.29294584227852","-0.0274755038880807","52","1721425.3","3.02075262865022e-05","0.5","2595674.9","1.92628129200618e-07","0.99146984408355","0.00789017185475434","52","1721425.3","3.02075262865022e-05","98","1631731.7","6.00588932604545e-05","FALSE","FALSE","D325P","-3.15073799909748","-0.00979266601666318"
"143","D","325","Q","GAC","CAG","973","missense_variant","GAC","CAG","CAG","2","-0.170636591376156","0.00680788900316228","474","1721425.3","0.000275353220380809","635","2595674.9","0.000244637724084784","0.589335905493359","0.00595449125932894","474","1721425.3","0.000275353220380809","676","1631731.7","0.000414283794327217","FALSE","FALSE","D325Q","0.209349657058602","0.00638119013124561"
"144","D","325","R","GAC","AGA","973","missense_variant","GAC","AGA","CGC","2","-2.49062651011821","-0.00435943371283462","164","1721425.3","9.52698905958917e-05","44","2595674.9","1.69512753696543e-05","-0.741193475400619","-0.000450041303301825","164","1721425.3","9.52698905958917e-05","93","1631731.7","5.69946640124722e-05","FALSE","FALSE","D325R","-1.61590999275941","-0.00240473750806822"
"145","D","325","S","GA","AG","973","missense_variant","GAC","AGC","AGC","2","2.73137905227216","0.0207768054013267","221","1721425.3","0.000128381986717634","2213","2595674.9","0.000852572099841933","0.48405401314025","0.00544771454510274","221","1721425.3","0.000128381986717634","293","1631731.7","0.000179563833931767","FALSE","FALSE","D325S","1.6077165327062","0.0131122599732147"
"146","D","325","T","GA","AC","973","missense_variant","GAC","ACC","ACC","2","0.263103966527401","0.00889570875875497","294","1721425.3","0.000170788706312147","532","2595674.9","0.000204956329469457","0.34105174654425","0.0047593699763201","294","1721425.3","0.000170788706312147","353","1631731.7","0.000216334584907556","FALSE","FALSE","D325T","0.302077856535825","0.00682753936753754"
"147","D","325","V","AC","TG","974","missense_variant","GAC","GTG","GTC","1","1.02984279247384","0.0125864230325787","419","1721425.3","0.000243402952193162","1290","2595674.9","0.000496980573337593","0.134577609187008","0.00376550215571095","419","1721425.3","0.000243402952193162","436","1631731.7","0.000267200790424063","FALSE","FALSE","D325V","0.582210200830424","0.00817596259414482"
"148","D","325","W","GAC","TGG","973","missense_variant","GAC","TGG","TGG","3","-1.49821852854866","0.000417544025985656","459","1721425.3","0.000266639510875087","245","2595674.9","9.43877833083026e-05","-1.74278281227592","-0.00527121369867697","459","1721425.3","0.000266639510875087","130","1631731.7","7.96699604475417e-05","FALSE","FALSE","D325W","-1.62050067041229","-0.00242683483634566"
"149","D","325","Y","G","T","973","missense_variant","GAC","TAC","TAC","1","-0.227592104284417","0.00653373238378931","205","1721425.3","0.000119087363244865","264","2595674.9","0.000101707652217926","1.28341599194338","0.00929546108575698","205","1721425.3","0.000119087363244865","473","1631731.7","0.000289876086859133","FALSE","FALSE","D325Y","0.527911943829483","0.00791459673477314"
"150","D","363","A","A","C","1088","missense_variant","GAT","GCT","GCT","1","2.25050198044435","0.018462092994845","1","3556314.1","2.81190010747363e-07","7","5231540","1.33803813026375e-06","-0.95056266575893","-0.00145784452547531","1","3556314.1","2.81190010747363e-07","0.5","3436513","1.45496321416506e-07","FALSE","FALSE","D363A","0.649969657342712","0.00850212423468487"
"151","D","363","C","GAT","TGC","1087","missense_variant","GAT","TGC","TGT","2","-3.61913721986759","-0.00979154493987966","142","3556314.1","3.99289815261256e-05","17","5231540","3.24952117349767e-06","-8.10030978526361","-0.0358733102032618","142","3556314.1","3.99289815261256e-05","0.5","3436513","1.45496321416506e-07","FALSE","FALSE","D363C","-5.8597235025656","-0.0228324275715708"
"152","D","363","E","T","G","1089","missense_variant","GAT","GAG","GAG","1","-6.04870603794292","-0.0214863281081107","45","3556314.1","1.26535504836314e-05","1","5231540","1.91148304323392e-07","-6.4424157620886","-0.0278930007044359","45","3556314.1","1.26535504836314e-05","0.5","3436513","1.45496321416506e-07","FALSE","FALSE","D363E","-6.24556090001576","-0.0246896644062733"
"153","D","363","G","A","G","1088","missense_variant","GAT","GGT","GGT","1","-0.952781617944389","0.00304301664236537","25","3556314.1","7.02975026868408e-06","19","5231540","3.63181778214445e-06","0.929143100523358","0.00759016069800274","25","3556314.1","7.02975026868408e-06","46","3436513","1.33856615703185e-05","FALSE","FALSE","D363G","-0.0118192587105153","0.00531658867018406"
"154","D","363","H","GAT","CAC","1087","missense_variant","GAT","CAC","CAT","1","-3.55685294161325","-0.00949173819081571","4","3556314.1","1.12476004298945e-06","0.5","5231540","9.55741521616962e-08","0.371365429128432","0.0049052855569841","4","3556314.1","1.12476004298945e-06","5","3436513","1.45496321416506e-06","FALSE","FALSE","D363H","-1.59274375624241","-0.00229322631691581"
"155","D","363","I","GAT","ATC","1087","missense_variant","GAT","ATC","ATT","2","-1.17352430206174","0.00198046685677385","46","3556314.1","1.29347404943787e-05","30","5231540","5.73444912970177e-06","-1.30419962037363","-0.00316008381737104","46","3556314.1","1.29347404943787e-05","18","3436513","5.2378675709942e-06","FALSE","FALSE","D363I","-1.23886196121769","-0.000589808480298596"
"156","D","363","K","GAT","AAG","1087","missense_variant","GAT","AAG","AAG","2","-5.01628456025055","-0.0165167445219163","11","3556314.1","3.093090118221e-06","0.5","5231540","9.55741521616962e-08","-4.40999428439623","-0.0181098950310195","11","3556314.1","3.093090118221e-06","0.5","3436513","1.45496321416506e-07","FALSE","FALSE","D363K","-4.71313942232339","-0.0173133197764679"
"157","D","363","M","GAT","ATG","1087","missense_variant","GAT","ATG","ATG","3","-3.72677794305556","-0.0103096759384295","36","3556314.1","1.01228403869051e-05","4","5231540","7.64593217293569e-07","-2.53552516648009","-0.00908709653011496","36","3556314.1","1.01228403869051e-05","6","3436513","1.74595585699807e-06","FALSE","FALSE","D363M","-3.13115155476782","-0.00969838623427222"
"158","D","363","N","GAT","AAC","1087","missense_variant","GAT","AAC","AAT","1","-4.6012470609717","-0.0145189523521122","33","3556314.1","9.27927035466299e-06","2","5231540","3.82296608646785e-07","-0.409994284396227","0.00114419331786782","33","3556314.1","9.27927035466299e-06","24","3436513","6.98382342799227e-06","FALSE","FALSE","D363N","-2.50562067268397","-0.00668737951712221"
"159","D","363","P","GA","CC","1087","missense_variant","GAT","CCT","CCT","2","-6.46374353722177","-0.0234841202779148","30","3556314.1","8.4357003224209e-06","0.5","5231540","9.55741521616962e-08","-5.85745326136745","-0.0250772707870181","30","3556314.1","8.4357003224209e-06","0.5","3436513","1.45496321416506e-07","FALSE","FALSE","D363P","-6.16059839929461","-0.0242806955324664"
"160","D","363","Q","GAT","CAG","1087","missense_variant","GAT","CAG","CAG","2","-3.14181544233441","-0.00749394602101168","3","3556314.1","8.4357003224209e-07","0.5","5231540","9.55741521616962e-08","-2.53552516648009","-0.00908709653011496","3","3556314.1","8.4357003224209e-07","0.5","3436513","1.45496321416506e-07","FALSE","FALSE","D363Q","-2.83867030440725","-0.00829052127556332"
"161","D","363","R","GAT","AGA","1087","missense_variant","GAT","AGA","CGT","2","-1.69435646536318","-0.000526570265013169","11","3556314.1","3.093090118221e-06","5","5231540","9.55741521616962e-07","-1.08806618950887","-0.00211972077411646","11","3556314.1","3.093090118221e-06","5","3436513","1.45496321416506e-06","FALSE","FALSE","D363R","-1.39121132743602","-0.00132314551956481"
"162","D","363","T","GAT","ACC","1087","missense_variant","GAT","ACC","ACT","2","-2.01628456025055","-0.00207617826025074","22","3556314.1","6.18618023644199e-06","8","5231540","1.52918643458714e-06","0.290445433744865","0.00451577537190741","22","3556314.1","6.18618023644199e-06","26","3436513","7.56580871365829e-06","FALSE","FALSE","D363T","-0.862919563252841","0.00121979855582833"
"163","D","363","V","AT","TG","1088","missense_variant","GAT","GTG","GTT","1","0.484967234081377","0.00996365249746924","17","3556314.1","4.78023018270518e-06","35","5231540","6.69019065131873e-06","0.421406111628028","0.00514615748745556","17","3556314.1","4.78023018270518e-06","22","3436513","6.40183814232625e-06","FALSE","FALSE","D363V","0.453186672854702","0.0075549049924624"
"164","D","363","Y","GAT","TAC","1087","missense_variant","GAT","TAC","TAT","1","-0.0332909855562369","0.00746900511035932","16","3556314.1","4.49904017195781e-06","23","5231540","4.39641099943802e-06","-0.95056266575893","-0.00145784452547531","16","3556314.1","4.49904017195781e-06","8","3436513","2.32794114266409e-06","FALSE","FALSE","D363Y","-0.491926825657583","0.00300558029244201"
"165","D","381","A","A","C","1142","missense_variant","GAT","GCT","GCT","1","3.14334371829822","0.0227598064203982","1","3555715","2.8123738826087e-07","13","5231540","2.4849279562041e-06","1.6341567767326","0.0109837596002294","1","3555715","2.8123738826087e-07","3","3436513","8.72977928499034e-07","FALSE","FALSE","D381A","2.38875024751541","0.0168717830103138"
"166","D","381","E","T","G","1143","missense_variant","GAT","GAG","GAG","1","-3.39359726755999","-0.00870590339789608","200","3555715","5.6247477652174e-05","28","5231540","5.35215252105499e-06","-1.68777131815476","-0.00500641465667369","200","3555715","5.6247477652174e-05","60","3436513","1.74595585699807e-05","FALSE","FALSE","D381E","-2.54068429285738","-0.00685615902728488"
"167","D","381","F","GAT","TTC","1141","missense_variant","GAT","TTC","TTT","2","1.54689473141466","0.0150752639609112","97","3555715","2.72800266613044e-05","417","5231540","7.97088429028546e-05","-7.55071856617568","-0.0332278407312389","97","3555715","2.72800266613044e-05","0.5","3436513","1.45496321416506e-07","FALSE","FALSE","D381F","-3.00191191738051","-0.00907628838516384"
"168","D","381","G","A","G","1142","missense_variant","GAT","GGT","GGT","1","-1.7635468773103","-0.000859619841144589","30","3555715","8.43712164782611e-06","13","5231540","2.4849279562041e-06","-0.213840129822348","0.00208838567340951","30","3555715","8.43712164782611e-06","25","3436513","7.27481607082528e-06","FALSE","FALSE","D381G","-0.988693503566324","0.000614382916132462"
"169","D","381","H","GAT","CAC","1141","missense_variant","GAT","CAC","CAT","1","-1.62386501205558","-0.000187258097556623","398","3555715","0.000111932480527826","190","5231540","3.63181778214445e-05","-9.5874303445322","-0.0430315978616629","398","3555715","0.000111932480527826","0.5","3436513","1.45496321416506e-07","FALSE","FALSE","D381H","-5.60564767829389","-0.0216094279796098"
"170","D","381","I","GAT","ATC","1141","missense_variant","GAT","ATC","ATT","2","-0.195229159585368","0.00668951213290572","228","3555715","6.41221245234784e-05","293","5231540","5.6006453166754e-05","-4.0832560200122","-0.0165371331786665","228","3555715","6.41221245234784e-05","13","3436513","3.78290435682915e-06","FALSE","FALSE","D381I","-2.13924258979879","-0.0049238105228804"
"171","D","381","K","GAT","AAG","1141","missense_variant","GAT","AAG","AAG","2","-9.08065795589989","-0.0360806956325912","184","3555715","5.17476794400001e-05","0.5","5231540","9.55741521616962e-08","-1.42997356068711","-0.00376549945706691","184","3555715","5.17476794400001e-05","66","3436513","1.92055144269787e-05","FALSE","FALSE","D381K","-5.2553157582935","-0.0199230975448291"
"172","D","381","L","GAT","CTG","1141","missense_variant","GAT","CTG","CTT","2","-3.5179254025622","-0.00930435962179227","109","3555715","3.06548753204348e-05","14","5231540","2.67607626052749e-06","-7.71899004876548","-0.0340378192293345","109","3555715","3.06548753204348e-05","0.5","3436513","1.45496321416506e-07","FALSE","FALSE","D381L","-5.61845772566384","-0.0216710894255634"
"173","D","381","M","GAT","ATG","1141","missense_variant","GAT","ATG","ATG","3","-6.31198350200634","-0.0227536199964478","27","3555715","7.59340948304349e-06","0.5","5231540","9.55741521616962e-08","-5.70569322615202","-0.024346770505551","27","3555715","7.59340948304349e-06","0.5","3436513","1.45496321416506e-07","FALSE","FALSE","D381M","-6.00883836407918","-0.0235501952509994"
"174","D","381","N","GAT","AAC","1141","missense_variant","GAT","AAC","AAT","1","-0.587684319676297","0.00480042055156385","143","3555715","4.02169465213044e-05","140","5231540","2.67607626052749e-05","-1.13339713726703","-0.00233792229238507","143","3555715","4.02169465213044e-05","63","3436513","1.83325364984797e-05","FALSE","FALSE","D381N","-0.860540728471662","0.00123124912958939"
"175","D","381","P","GA","CC","1141","missense_variant","GAT","CCT","CCT","2","-6.01652761848017","-0.0213314365752949","22","3555715","6.18722254173914e-06","0.5","5231540","9.55741521616962e-08","0.543958967761024","0.00573606836730385","22","3555715","6.18722254173914e-06","31","3436513","9.02077192782335e-06","FALSE","FALSE","D381P","-2.73628432535957","-0.00779768410399552"
"176","D","381","Q","GAT","CAG","1141","missense_variant","GAT","CAG","CAG","2","0.0278665008782822","0.00776338802211085","70","3555715","1.96866171782609e-05","105","5231540","2.00705719539562e-05","0.277463263684563","0.00445328540958208","70","3555715","1.96866171782609e-05","82","3436513","2.38613967123069e-05","FALSE","FALSE","D381Q","0.152664882281423","0.00610833671584646"
"177","D","381","R","GAT","AGA","1141","missense_variant","GAT","AGA","CGT","2","0.241270138987476","0.00879061114764295","23","3555715","6.46845993000001e-06","40","5231540","7.64593217293569e-06","-0.889405179324411","-0.00116346161372378","23","3555715","6.46845993000001e-06","12","3436513","3.49191171399613e-06","FALSE","FALSE","D381R","-0.324067520168468","0.00381357476695958"
"178","D","381","S","GAT","AGC","1141","missense_variant","GAT","AGC","AGT","2","-6.22952134181437","-0.0223566865670037","51","3555715","1.43431068013044e-05","1","5231540","1.91148304323392e-07","-6.62323106596005","-0.0287633591633288","51","3555715","1.43431068013044e-05","0.5","3436513","1.45496321416506e-07","FALSE","FALSE","D381S","-6.42637620388721","-0.0255600228651662"
"179","D","381","T","GAT","ACC","1141","missense_variant","GAT","ACC","ACT","2","-0.0504280250984618","0.00738651559201323","183","3555715","5.14664420517392e-05","260","5231540","4.9698559124082e-05","-8.4665055622726","-0.037636001664142","183","3555715","5.14664420517392e-05","0.5","3436513","1.45496321416506e-07","FALSE","FALSE","D381T","-4.25846679368553","-0.0151247430360644"
"180","D","381","V","AT","TG","1142","missense_variant","GAT","GTG","GTT","1","-3.68142413484508","-0.0100913643808687","218","3555715","6.13097506408697e-05","25","5231540","4.77870760808481e-06","-8.71899004876548","-0.0388513413165563","218","3555715","6.13097506408697e-05","0.5","3436513","1.45496321416506e-07","FALSE","FALSE","D381V","-6.20020709180528","-0.0244713528487125"
"181","D","381","W","GAT","TGG","1141","missense_variant","GAT","TGG","TGG","3","0.442904000157126","0.00976118019191488","82","3555715","2.30614658373914e-05","164","5231540","3.13483219090363e-05","-7.30835772860664","-0.0320612314865227","82","3555715","2.30614658373914e-05","0.5","3436513","1.45496321416506e-07","FALSE","FALSE","D381W","-3.43272686422476","-0.0111500256473039"
"182","D","381","Y","GAT","TAC","1141","missense_variant","GAT","TAC","TAT","1","4.69083151360071","0.0302086731027929","1","3555715","2.8123738826087e-07","38","5231540","7.26363556428891e-06","5.54104737234112","0.0297896637745503","1","3555715","2.8123738826087e-07","45","3436513","1.30946689274855e-05","FALSE","FALSE","D381Y","5.11593944297092","0.0299991684386716"
"183","D","391","E","C","G","1173","missense_variant","GAC","GAG","GAG","1","1.0598768957809","0.0127309928522171","104","3555715","2.92486883791305e-05","319","5231540","6.09763090791622e-05","-4.65124544212965","-0.0192711628073372","104","3555715","2.92486883791305e-05","4","3436513","1.16397057133205e-06","FALSE","FALSE","D391E","-1.79568427317437","-0.00327008497756003"
"184","D","391","H","G","C","1171","missense_variant","GAC","CAC","CAC","1","-7.60149011920133","-0.0289606885799345","132","3555715","3.71233352504349e-05","1","5231540","1.91148304323392e-07","-6.99519984334701","-0.0305538390890378","132","3555715","3.71233352504349e-05","1","3436513","2.90992642833011e-07","FALSE","FALSE","D391H","-7.29834498127417","-0.0297572638344862"
"185","D","391","I","GA","AT","1171","missense_variant","GAC","ATC","ATC","2","-9.94511328518801","-0.0402417704535362","335","3555715","9.42145250673915e-05","0.5","5231540","9.55741521616962e-08","-9.33882300933369","-0.0418349209626395","335","3555715","9.42145250673915e-05","0.5","3436513","1.45496321416506e-07","FALSE","FALSE","D391I","-9.64196814726085","-0.0410383457080878"
"186","D","391","K","GAC","AAG","1171","missense_variant","GAC","AAG","AAG","2","-9.07279583812692","-0.0360428511550387","183","3555715","5.14664420517392e-05","0.5","5231540","9.55741521616962e-08","-6.4665055622726","-0.0280089574896983","183","3555715","5.14664420517392e-05","2","3436513","5.81985285666023e-07","FALSE","FALSE","D391K","-7.76965070019976","-0.0320259043223685"
"187","D","391","M","GAC","ATG","1171","missense_variant","GAC","ATG","ATG","3","-10.9749485147288","-0.0451989050771298","684","3555715","0.000192366373570435","0.5","5231540","9.55741521616962e-08","-10.3686582388745","-0.0467920555862331","684","3555715","0.000192366373570435","0.5","3436513","1.45496321416506e-07","FALSE","FALSE","D391M","-10.6718033768016","-0.0459954803316815"
"188","D","391","N","G","A","1171","missense_variant","GAC","AAC","AAC","1","-0.308392301390579","0.00614479885036693","489","3555715","0.000137525082859566","581","5231540","0.000111057164811891","-0.307067550905039","0.00163963342289325","489","3555715","0.000137525082859566","382","3436513","0.00011115918956221","FALSE","FALSE","D391N","-0.307729926147809","0.00389221613663009"
"189","D","391","R","GAC","AGA","1171","missense_variant","GAC","AGA","CGC","2","-0.557095999842874","0.00494765810469304","1","3555715","2.8123738826087e-07","1","5231540","1.91148304323392e-07","6.99170878135069","0.0367724545078982","1","3555715","2.8123738826087e-07","123","3436513","3.57920950684604e-05","FALSE","FALSE","D391R","3.21730639075391","0.0208600563062956"
"190","D","391","W","GAC","TGG","1171","missense_variant","GAC","TGG","TGG","3","-1.20618883798375","0.00182323539164444","207","3555715","5.82161393700001e-05","132","5231540","2.52315761706878e-05","-7.64429268148788","-0.0336782618020864","207","3555715","5.82161393700001e-05","1","3436513","2.90992642833011e-07","FALSE","FALSE","D391W","-4.42524075973581","-0.015927513205221"
"191","D","391","Y","G","T","1171","missense_variant","GAC","TAC","TAC","1","-1.70595938575736","-0.000582421178606794","306","3555715","8.60586408078263e-05","138","5231540","2.63784659966281e-05","-1.97937487618533","-0.00641005482396629","306","3555715","8.60586408078263e-05","75","3436513","2.18244482124758e-05","FALSE","FALSE","D391Y","-1.84266713097134","-0.00349623800128654"
"192","E","329","C","GAG","TGC","985","missense_variant","GAG","TGC","TGC","3","-0.271532211876372","0.00632222570538053","670","1753839","0.00038201910209546","804","2540448","0.000316479613044628","-10.2606305628609","-0.0462720619817105","670","1753839","0.00038201910209546","0.5","1605619","3.1140637972022e-07","FALSE","FALSE","E329C","-5.26608138736863","-0.019974918138165"
"193","E","329","D","G","T","987","missense_variant","GAG","GAT","GAT","1","0.115101572398805","0.00818329596565526","218","1753839","0.000124298752622105","342","2540448","0.00013462192495182","-0.675013317630583","-0.000131481652139932","218","1753839","0.000124298752622105","125","1605619","7.7851594930055e-05","FALSE","FALSE","E329D","-0.279955872615889","0.00402590715675767"
"194","E","329","H","GAG","CAC","985","missense_variant","GAG","CAC","CAC","2","0.598900524297456","0.0105120729063942","423","1753839","0.000241185194308029","928","2540448","0.000365289901623651","0.612326234993256","0.0060651557181692","423","1753839","0.000241185194308029","592","1605619","0.000368705153588741","FALSE","FALSE","E329H","0.605613379645356","0.0082886143122817"
"195","E","329","I","GAG","ATC","985","missense_variant","GAG","ATC","ATC","3","-1.18272294491852","0.00193618898621031","105","1753839","5.98686652537662e-05","67","2540448","2.63733010870524e-05","1.48995680186896","0.0102896498362465","105","1753839","5.98686652537662e-05","270","1605619","0.000168159445048919","FALSE","FALSE","E329I","0.153616928475224","0.00611291941122838"
"196","E","329","K","G","A","985","missense_variant","GAG","AAG","AAG","1","-0.705316817962878","0.00423419392288631","1093","1753839","0.00062320429640349","971","2540448","0.000382216050082505","-5.26625124504656","-0.0222315068234474","1093","1753839","0.00062320429640349","26","1605619","1.61931317454514e-05","FALSE","FALSE","E329K","-2.98578403150472","-0.00899865645028052"
"197","E","329","M","GA","AT","985","missense_variant","GAG","ATG","ATG","2","2.90904003376545","0.0216319804597822","100","1753839","5.70177764321583e-05","1088","2540448","0.00042827091914497","0.787311280886635","0.00690745010151051","100","1753839","5.70177764321583e-05","158","1605619","9.84044159915895e-05","FALSE","FALSE","E329M","1.84817565732604","0.0142697152806464"
"198","E","329","N","GAG","AAC","985","missense_variant","GAG","AAC","AAC","2","8.5947163992348","0.0490001092257641","1","1753839","5.70177764321582e-07","560","2540448","0.000220433561324617","7.85530717704746","0.040929404460074","1","1753839","5.70177764321582e-07","212","1605619","0.000132036305001373","FALSE","FALSE","E329N","8.22501178814113","0.044964756842919"
"199","E","329","P","GAG","CCT","985","missense_variant","GAG","CCT","CCG","2","1.07558797446487","0.0128066184764765","246","1753839","0.000140263730023109","751","2540448","0.000295617150990691","1.95636168664562","0.012534700050707","246","1753839","0.000140263730023109","874","1605619","0.000544338351750945","FALSE","FALSE","E329P","1.51597483055524","0.0126706592635918"
"200","E","329","Q","G","C","985","missense_variant","GAG","CAG","CAG","1","2.37886682376512","0.0190799800033923","176","1753839","0.000100351286520599","1326","2540448","0.000521955182707932","0.817702223351641","0.0070537375743173","176","1753839","0.000100351286520599","284","1605619","0.000176878823681085","FALSE","FALSE","E329Q","1.59828452355838","0.0130668587888548"
"201","E","329","R","GAG","AGA","985","missense_variant","GAG","AGA","AGG","2","0.364571702174166","0.00938412594543106","311","1753839","0.000177325284704012","580","2540448","0.000228306188514782","0.238933375132414","0.00426782094001811","311","1753839","0.000177325284704012","336","1605619","0.000209265087171988","FALSE","FALSE","E329R","0.30175253865329","0.00682597344272459"
"202","E","329","T","GAG","ACC","985","missense_variant","GAG","ACC","ACG","2","-0.301539027411734","0.00617778723603387","251","1753839","0.000143114618844717","295","2540448","0.000116121251054932","-1.6543322725865","-0.00484545507225524","251","1753839","0.000143114618844717","73","1605619","4.54653314391521e-05","FALSE","FALSE","E329T","-0.977935649999116","0.000666166081889316"
"203","E","329","V","A","T","986","missense_variant","GAG","GTG","GTG","1","-0.91256673766448","0.00323659185682769","282","1753839","0.000160790129538686","217","2540448","8.5418005013289e-05","-1.19198566749935","-0.00261993947671622","282","1753839","0.000160790129538686","113","1605619","7.03778418167697e-05","FALSE","FALSE","E329V","-1.05227620258191","0.000308326190055739"
"204","E","329","W","GA","TG","985","missense_variant","GAG","TGG","TGG","2","-0.633828249083243","0.00457830572817231","376","1753839","0.000214386839384915","351","2540448","0.000138164607187394","-2.12342138101628","-0.00710342585655719","376","1753839","0.000214386839384915","79","1605619","4.92022079957948e-05","FALSE","FALSE","E329W","-1.37862481504976","-0.00126256006419244"
"205","E","329","Y","GAG","TAC","985","missense_variant","GAG","TAC","TAC","2","0.851362477106047","0.0117273040924215","194","1753839","0.000110614486278387","507","2540448","0.00019957109927068","0.241719397963251","0.00428123152244985","194","1753839","0.000110614486278387","210","1605619","0.000130790679482492","FALSE","FALSE","E329Y","0.546540937534649","0.00800426780743568"
"206","E","334","C","GAG","TGC","1000","missense_variant","GAG","TGC","TGC","3","-10.6364179817807","-0.0435693808795852","547","1732319","0.0003157617043974","0.5","2520527.3","1.98371190028372e-07","-9.96946008043255","-0.0448705064333947","547","1732319","0.0003157617043974","0.5","1587512.2","3.1495820945502e-07","FALSE","FALSE","E334C","-10.3029390311066","-0.04421994365649"
"207","E","334","D","G","T","1002","missense_variant","GAG","GAT","GAT","1","0.251174155898485","0.00883828435179631","41","1732319","2.36676963076662e-05","71","2520527.3","2.81687089840289e-05","2.76273837460079","0.0164162120488","41","1732319","2.36676963076662e-05","255","1587512.2","0.00016062868682206","FALSE","FALSE","E334D","1.50695626524964","0.0126272482002982"
"208","E","334","F","GAG","TTC","1000","missense_variant","GAG","TTC","TTC","3","-8.33543682533822","-0.0324935572607682","111","1732319","6.40759582963646e-05","0.5","2520527.3","1.98371190028372e-07","-7.66847892399009","-0.0337946828145777","111","1732319","6.40759582963646e-05","0.5","1587512.2","3.1495820945502e-07","FALSE","FALSE","E334F","-8.00195787466416","-0.033144120037673"
"209","E","334","G","AG","GT","1001","missense_variant","GAG","GGT","GGG","1","-1.60310666023667","-8.73373125820238e-05","641","1732319","0.000370024227639367","307","2520527.3","0.000121799910677421","-1.8583936013741","-0.00582770878552223","641","1732319","0.000370024227639367","162","1587512.2","0.000102046459863427","FALSE","FALSE","E334G","-1.73075013080539","-0.00295752304905212"
"210","E","334","I","GAG","ATC","1000","missense_variant","GAG","ATC","ATC","3","2.41833705651454","0.0192699708405195","63","1732319","3.63674357898285e-05","490","2520527.3","0.000194403766227805","0.930016732384755","0.00759436594426367","63","1732319","3.63674357898285e-05","110","1587512.2","6.92908060801045e-05","FALSE","FALSE","E334I","1.67417689444965","0.0134321683923916"
"211","E","334","K","G","A","1000","missense_variant","GAG","AAG","AAG","1","-0.759555904655047","0.00397311288110281","249","1732319","0.000143737960502656","214","2520527.3","8.49028693321433e-05","-2.00117497554333","-0.00651499008372967","249","1732319","0.000143737960502656","57","1587512.2","3.59052358778723e-05","FALSE","FALSE","E334K","-1.38036544009919","-0.00127093860131343"
"212","E","334","L","GA","CT","1000","missense_variant","GAG","CTG","CTG","2","-7.39900195411569","-0.0279860073248938","58","1732319","3.34811313620644e-05","0.5","2520527.3","1.98371190028372e-07","-6.73204405276756","-0.0292871328787033","58","1732319","3.34811313620644e-05","0.5","1587512.2","3.1495820945502e-07","FALSE","FALSE","E334L","-7.06552300344162","-0.0286365701017985"
"213","E","334","M","GA","AT","1000","missense_variant","GAG","ATG","ATG","2","0.534746548629852","0.0102032663275351","102","1732319","5.88806103263891e-05","215","2520527.3","8.52996117122001e-05","-6.54648839961148","-0.0283939566438277","102","1732319","5.88806103263891e-05","1","1587512.2","6.2991641891004e-07","FALSE","FALSE","E334M","-3.00587092549082","-0.00909534515814629"
"214","E","334","N","GAG","AAC","1000","missense_variant","GAG","AAC","AAC","2","-8.84480170716522","-0.0349453963698976","158","1732319","9.12072199173478e-05","0.5","2520527.3","1.98371190028372e-07","-4.59288130509594","-0.0189902257446238","158","1732319","9.12072199173478e-05","6","1587512.2","3.77949851346024e-06","FALSE","FALSE","E334N","-6.71884150613058","-0.0269678110572607"
"215","E","334","P","GAG","CCT","1000","missense_variant","GAG","CCT","CCG","2","1.51964182291851","0.014944081483924","163","1732319","9.4093524345112e-05","680","2520527.3","0.000269784818438586","-1.01333784624212","-0.00176001424326047","163","1732319","9.4093524345112e-05","74","1587512.2","4.6613814999343e-05","FALSE","FALSE","E334P","0.253151988338197","0.00659203362033175"
"216","E","334","R","GAG","AGA","1000","missense_variant","GAG","AGA","AGG","2","-7.88974911321919","-0.0303482296144799","163","1732319","9.4093524345112e-05","1","2520527.3","3.96742380056744e-07","-8.22279121187107","-0.0364628772555113","163","1732319","9.4093524345112e-05","0.5","1587512.2","3.1495820945502e-07","FALSE","FALSE","E334R","-8.05627016254513","-0.0334055534349956"
"217","E","334","S","GAG","AGC","1000","missense_variant","GAG","AGC","TCG","2","-0.476480706793402","0.00533570159835454","153","1732319","8.83209154895836e-05","160","2520527.3","6.34787808090791e-05","-8.13145090033264","-0.0360232086484673","153","1732319","8.83209154895836e-05","0.5","1587512.2","3.1495820945502e-07","FALSE","FALSE","E334S","-4.30396580356302","-0.0153437535250564"
"218","E","334","T","GAG","ACC","1000","missense_variant","GAG","ACC","ACG","2","-1.54102095898811","0.000211513581678583","1","1732319","5.77260885552834e-07","0.5","2520527.3","1.98371190028372e-07","2.44786503724737","0.0149005622847721","1","1732319","5.77260885552834e-07","5","1587512.2","3.1495820945502e-06","FALSE","FALSE","E334T","0.45342203912963","0.00755603793322535"
"219","E","334","V","A","T","1001","missense_variant","GAG","GTG","GTG","1","-1.92862522814384","-0.00165422812900401","191","1732319","0.000110256829140591","73","2520527.3","2.89621937441424e-05","-1.26166732679572","-0.00295535368281356","191","1732319","0.000110256829140591","73","1587512.2","4.5983898580433e-05","FALSE","FALSE","E334V","-1.59514627746978","-0.00230479090590879"
"220","E","334","W","GA","TG","1000","missense_variant","GAG","TGG","TGG","2","2.04580428575023","0.0174767761202315","258","1732319","0.000148933308472631","1550","2520527.3","0.000614950689087954","-1.71536531162093","-0.00513923895369775","258","1732319","0.000148933308472631","72","1587512.2","4.53539821615229e-05","FALSE","FALSE","E334W","0.165219487064651","0.00616876858326688"
"221","E","334","Y","GAG","TAC","1000","missense_variant","GAG","TAC","TAC","2","0.91549317626689","0.0120359986293012","90","1732319","5.19534796997551e-05","247","2520527.3","9.79953678740159e-05","0.320584373213555","0.00466084982272539","90","1732319","5.19534796997551e-05","103","1587512.2","6.48813911477342e-05","FALSE","FALSE","E334Y","0.618038774740223","0.0083484242260133"
"222","E","352","A","AG","CT","1055","missense_variant","GAG","GCT","GCG","1","-0.791565839442694","0.00381903235299194","20","1721174.1","1.16199749926518e-05","18","2681343","6.71305386890077e-06","1.36705225320195","0.00969804607661775","20","1721174.1","1.16199749926518e-05","49","1634809.5","2.99729112168727e-05","FALSE","FALSE","E352A","0.287743206879628","0.00675853921480485"
"223","E","352","C","GAG","TGC","1054","missense_variant","GAG","TGC","TGC","3","-0.0546002452764881","0.00736643251803355","24","1721174.1","1.39439699911822e-05","36","2681343","1.34261077378015e-05","1.96504143421935","0.0125764802073647","24","1721174.1","1.39439699911822e-05","89","1634809.5","5.44405938428912e-05","FALSE","FALSE","E352C","0.955220594471429","0.00997145636269911"
"224","E","352","D","G","T","1056","missense_variant","GAG","GAT","GAT","1","-0.587780203895098","0.00479995901075884","301","1721174.1","0.00017488062363941","312","2681343","0.00011635960039428","0.871317963461344","0.00731181812355811","301","1721174.1","0.00017488062363941","523","1634809.5","0.000319914950335192","FALSE","FALSE","E352D","0.141768879783123","0.00605588856715847"
"225","E","352","F","GAG","TTC","1054","missense_variant","GAG","TTC","TTC","3","-6.61684266949756","-0.0242210663326588","189","1721174.1","0.00010980876368056","3","2681343","1.11884231148346e-06","-2.358688903302","-0.00823589127148548","189","1721174.1","0.00010980876368056","35","1634809.5","2.14092222977662e-05","FALSE","FALSE","E352F","-4.48776578639978","-0.0162284788020721"
"226","E","352","H","GAG","CAC","1054","missense_variant","GAG","CAC","CAC","2","0.360437254002356","0.00936422468783758","40","1721174.1","2.32399499853036e-05","80","2681343","2.98357949728923e-05","-0.547217872772166","0.000483664544332401","40","1721174.1","2.32399499853036e-05","26","1634809.5","1.5903993706912e-05","FALSE","FALSE","E352H","-0.0933903093849049","0.00492394461608499"
"227","E","352","I","GAG","ATC","1054","missense_variant","GAG","ATC","ATC","3","-2.27261953491985","-0.00331005232254886","183","1721174.1","0.000106322771182764","59","2681343","2.20038987925081e-05","-2.39703521495148","-0.00842047208957376","183","1721174.1","0.000106322771182764","33","1634809.5","2.01858381664653e-05","FALSE","FALSE","E352I","-2.33482737493566","-0.00586526220606131"
"228","E","352","K","G","A","1054","missense_variant","GAG","AAG","AAG","1","1.32328425558489","0.0139989099965704","177","1721174.1","0.000102836778684969","690","2681343","0.000257333731641196","0.715189410669276","0.00656028988624751","177","1721174.1","0.000102836778684969","276","1634809.5","0.000168827010119528","FALSE","FALSE","E352K","1.01923683312708","0.010279599941409"
"229","E","352","N","GAG","AAC","1054","missense_variant","GAG","AAC","AAC","2","-1.29852582816258","0.00137876924995105","30","1721174.1","1.74299624889777e-05","19","2681343","7.08600130606192e-06","-0.0252651695768098","0.00299609540964839","30","1721174.1","1.74299624889777e-05","28","1634809.5","1.7127377838213e-05","FALSE","FALSE","E352N","-0.661895498869694","0.00218743232979972"
"230","E","352","P","GAG","CCT","1054","missense_variant","GAG","CCT","CCG","2","-6.16312470205466","-0.022037084875003","23","1721174.1","1.33629712415496e-05","0.5","2681343","1.86473718580577e-07","-2.86432895136175","-0.010669800811005","23","1721174.1","1.33629712415496e-05","3","1634809.5","1.83507619695139e-06","FALSE","FALSE","E352P","-4.5137268267082","-0.016353442843004"
"231","E","352","Q","G","C","1054","missense_variant","GAG","CAG","CAG","1","0.0974028481685619","0.00809810276565734","3","1721174.1","1.74299624889777e-06","5","2681343","1.86473718580577e-06","1.29666292531055","0.0093592254921078","3","1721174.1","1.74299624889777e-06","7","1634809.5","4.28184445955324e-06","FALSE","FALSE","E352Q","0.697032886739557","0.00872866412888257"
"232","E","352","S","GAG","AGC","1054","missense_variant","GAG","AGC","TCG","2","0.396061163733077","0.0095357011641596","40","1721174.1","2.32399499853036e-05","82","2681343","3.05816898472146e-05","-6.24765759091326","-0.0269555279458164","40","1721174.1","2.32399499853036e-05","0.5","1634809.5","3.05846032825231e-07","FALSE","FALSE","E352S","-2.92579821359009","-0.0087099133908284"
"233","E","352","V","A","T","1055","missense_variant","GAG","GTG","GTG","1","0.907925049304849","0.0119995692830105","13","1721174.1","7.55298374522368e-06","38","2681343","1.41720026121238e-05","2.60264947632889","0.0156456206010493","13","1721174.1","7.55298374522368e-06","75","1634809.5","4.58769049237847e-05","FALSE","FALSE","E352V","1.75528726281687","0.0138225949420299"
"234","E","352","Y","GAG","TAC","1054","missense_variant","GAG","TAC","TAC","2","-1.2245252467188","0.00173497268319793","42","1721174.1","2.44019474845688e-05","28","2681343","1.04425282405123e-05","-4.31804691880466","-0.0176673043558827","42","1721174.1","2.44019474845688e-05","2","1634809.5","1.22338413130093e-06","FALSE","FALSE","E352Y","-2.77128608276173","-0.00796616583634236"
"235","E","355","D","G","T","1065","missense_variant","GAG","GAT","GAT","1","-0.434937417331289","0.00553567113975627","464","3555715","0.000130494148153044","505","5231540","9.65298936833131e-05","0.753455705104946","0.00674448553970974","464","3555715","0.000130494148153044","756","3436513","0.000219990437981757","FALSE","TRUE","E355D","0.159259143886829","0.006140078339733"
"236","E","355","K","G","A","1063","missense_variant","GAG","AAG","AAG","1","-0.0488090898605472","0.00739430837253871","161","3555715","4.52792195100001e-05","229","5231540","4.37729616900568e-05","0.397757497402275","0.00503232436054771","161","3555715","4.52792195100001e-05","205","3436513","5.96534917807673e-05","FALSE","TRUE","E355K","0.174474203770864","0.00621331636654321"
"237","E","355","Q","G","C","1063","missense_variant","GAG","CAG","CAG","1","-1.55709599984287","0.000134136017471198","1","3555715","2.8123738826087e-07","0.5","5231540","9.55741521616962e-08","-0.950805723988554","-0.00145901449163209","1","3555715","2.8123738826087e-07","0.5","3436513","1.45496321416506e-07","FALSE","TRUE","E355Q","-1.25395086191571","-0.000662439237080444"
"238","E","355","V","A","T","1064","missense_variant","GAG","GTG","GTG","1","-1.36445092190048","0.00106143735514149","7","3555715","1.96866171782609e-06","4","5231540","7.64593217293569e-07","-0.173198145325002","0.00228401676345602","7","3555715","1.96866171782609e-06","6","3436513","1.74595585699807e-06","FALSE","TRUE","E355V","-0.76882453361274","0.00167272705929875"
"239","E","373","C","GAG","TGC","1117","missense_variant","GAG","TGC","TGC","3","0.558545411124383","0.0103178226778033","18","3556119.7","5.06169688270055e-06","39","5231540","7.4547838686123e-06","2.74979818769986","0.0163539241733396","18","3556119.7","5.06169688270055e-06","117","3436513","3.40461392114623e-05","FALSE","FALSE","E373C","1.65417179941212","0.0133358734255715"
"240","E","373","D","G","T","1119","missense_variant","GAG","GAT","GAT","1","-0.318636890366476","0.00609548629505693","696","3556119.7","0.000195718946131088","821","5231540","0.000156932757849505","0.687232501318366","0.00642571868559644","696","3556119.7","0.000195718946131088","1083","3436513","0.000315145032188151","FALSE","FALSE","E373D","0.184297805475945","0.00626060249032669"
"241","E","373","F","GAG","TTC","1117","missense_variant","GAG","TTC","TTC","3","2.81230200337017","0.0211663298138002","18","3556119.7","5.06169688270055e-06","186","5231540","3.5553584604151e-05","0.686788390174059","0.00642358094679414","18","3556119.7","5.06169688270055e-06","28","3436513","8.14779399932432e-06","FALSE","FALSE","E373F","1.74954519677211","0.0137949553802972"
"242","E","373","G","AG","GT","1118","missense_variant","GAG","GGT","GGG","1","-0.42917625909718","0.00556340260216413","54","3556119.7","1.51850906481016e-05","59","5231540","1.12777499550801e-05","0.464395968837611","0.0053530901146604","54","3556119.7","1.51850906481016e-05","72","3436513","2.09514702839768e-05","FALSE","FALSE","E373G","0.0176098548702157","0.00545824635841226"
"243","E","373","H","GAG","CAC","1117","missense_variant","GAG","CAC","CAC","2","0.61299319514676","0.0105799082887953","8","3556119.7","2.24964305897802e-06","18","5231540","3.44066947782106e-06","-3.95064153044123","-0.015898790404031","8","3556119.7","2.24964305897802e-06","0.5","3436513","1.45496321416506e-07","FALSE","FALSE","E373H","-1.66882416764724","-0.00265944105761787"
"244","E","373","I","GAG","ATC","1117","missense_variant","GAG","ATC","ATC","3","0.784987763779276","0.0114078079437901","43","3556119.7","1.20918314420069e-05","109","5231540","2.08351651712498e-05","-0.422709974756455","0.00108298606146459","43","3556119.7","1.20918314420069e-05","31","3436513","9.02077192782335e-06","FALSE","FALSE","E373I","0.18113889451141","0.00624539700262733"
"245","E","373","K","G","A","1117","missense_variant","GAG","AAG","AAG","1","0.0505543121467508","0.00787259630276234","1377","3556119.7","0.000387219811526592","2098","5231540","0.000401029142470477","0.36351261182495","0.00486748584744687","1377","3556119.7","0.000387219811526592","1712","3436513","0.000498179404530115","FALSE","FALSE","E373K","0.20703346198585","0.00637004107510461"
"246","E","373","L","GA","CT","1117","missense_variant","GAG","CTG","CTG","2","-4.08049376235257","-0.0120122948472154","46","3556119.7","1.29354475891236e-05","4","5231540","7.64593217293569e-07","-3.88924098577709","-0.0156032375261227","46","3556119.7","1.29354475891236e-05","3","3436513","8.72977928499034e-07","FALSE","FALSE","E373L","-3.98486737406483","-0.013807766186669"
"247","E","373","M","GA","AT","1117","missense_variant","GAG","ATG","ATG","2","0.153561576509462","0.00836842404491655","11","3556119.7","3.09325920609478e-06","18","5231540","3.44066947782106e-06","1.34481435308494","0.00959100345323108","11","3556119.7","3.09325920609478e-06","27","3436513","7.8568013564913e-06","FALSE","FALSE","E373M","0.749187964797201","0.00897971374907382"
"248","E","373","N","GAG","AAC","1117","missense_variant","GAG","AAC","AAC","2","-1.55693180629555","0.000134926366737808","1","3556119.7","2.81205382372253e-07","0.5","5231540","9.55741521616962e-08","5.74979818769986","0.0307944904350052","1","3556119.7","2.81205382372253e-07","52","3436513","1.51316174273166e-05","FALSE","FALSE","E373N","2.09643319070215","0.0154647084008715"
"249","E","373","P","GAG","CCT","1117","missense_variant","GAG","CCT","CCG","2","1.09514489028414","0.0129007561227305","21","3556119.7","5.9053130298173e-06","66","5231540","1.26157880853439e-05","0.357480764921099","0.00483845141914844","21","3556119.7","5.9053130298173e-06","26","3436513","7.56580871365829e-06","FALSE","FALSE","E373P","0.72631282760262","0.00886960377093947"
"250","E","373","Q","G","C","1117","missense_variant","GAG","CAG","CAG","1","-5.41491280142312","-0.0184355503653909","116","3556119.7","3.26198243551813e-05","4","5231540","7.64593217293569e-07","-4.80862252556881","-0.0200287008744941","116","3556119.7","3.26198243551813e-05","4","3436513","1.16397057133205e-06","FALSE","FALSE","E373Q","-5.11176766349596","-0.0192321256199425"
"251","E","373","T","GAG","ACC","1117","missense_variant","GAG","ACC","ACG","2","0.0280306944256037","0.00776417837137746","4","3556119.7","1.12482152948901e-06","6","5231540","1.14688982594035e-06","-0.365679029720077","0.00135750577505233","4","3556119.7","1.12482152948901e-06","3","3436513","8.72977928499034e-07","FALSE","FALSE","E373T","-0.168824167647237","0.00456084207321489"
"252","E","373","V","A","T","1118","missense_variant","GAG","GTG","GTG","1","0.180033787870653","0.00849584861900125","27","3556119.7","7.59254532405082e-06","45","5231540","8.60167369455265e-06","-0.383600937717339","0.00127123827506235","27","3556119.7","7.59254532405082e-06","20","3436513","5.81985285666022e-06","FALSE","FALSE","E373V","-0.101783574923343","0.0048835434470318"
"253","E","373","W","GA","TG","1117","missense_variant","GAG","TGG","TGG","2","0.336152989787935","0.00924733184566954","28","3556119.7","7.87375070642307e-06","52","5231540","9.9397118248164e-06","1.14889414310968","0.00864793719518204","28","3556119.7","7.87375070642307e-06","60","3436513","1.74595585699807e-05","FALSE","FALSE","E373W","0.742523566448808","0.00894763452042579"
"254","E","373","Y","GAG","TAC","1117","missense_variant","GAG","TAC","TAC","2","2.31753731162059","0.0187847690420861","6","3556119.7","1.68723229423352e-06","44","5231540","8.41052539022926e-06","2.78632406372497","0.0165297422843417","6","3556119.7","1.68723229423352e-06","40","3436513","1.16397057133204e-05","FALSE","FALSE","E373Y","2.55193068767278","0.0176572556632139"
"255","F","359","I","T","A","1075","missense_variant","TTC","ATC","ATC","1","-0.235167904955512","0.00649726609993061","4","3555715","1.12494955304348e-06","5","5231540","9.55741521616962e-07","-1.95080572398855","-0.00627253657885393","4","3555715","1.12494955304348e-06","1","3436513","2.90992642833011e-07","TRUE","TRUE","F359I","-1.09298681447203","0.00011236476053834"
"256","F","359","Y","T","A","1076","missense_variant","TTC","TAC","TAC","1","-0.557095999842874","0.00494765810469304","3","3555715","8.43712164782611e-07","3","5231540","5.73444912970177e-07","-1.53576822470971","-0.0042747444090499","3","3555715","8.43712164782611e-07","1","3436513","2.90992642833011e-07","FALSE","TRUE","F359Y","-1.04643211227629","0.000336456847821573"
"257","F","382","A","TT","GC","1144","missense_variant","TTT","GCT","GCT","2","-8.69622430882436","-0.0342302157813219","141","3556757.8","3.96428455150924e-05","0.5","5231540","9.55741521616962e-08","-6.08993403297004","-0.0261963221159815","141","3556757.8","3.96428455150924e-05","2","3436513","5.81985285666023e-07","FALSE","FALSE","F382A","-7.3930791708972","-0.0302132689486517"
"258","F","382","C","TT","GC","1145","missense_variant","TTT","TGC","TGT","1","-10.1565857986127","-0.0412596980677462","388","3556757.8","0.000109088113899687","0.5","5231540","9.55741521616962e-08","-2.07456209179197","-0.00686824058871004","388","3556757.8","0.000109088113899687","89","3436513","2.5898345212138e-05","FALSE","FALSE","F382C","-6.11557394520233","-0.0240639693282281"
"259","F","382","D","TT","GA","1144","missense_variant","TTT","GAT","GAT","2","-9.16029930141176","-0.0364640510082686","389","3556757.8","0.000109369268832418","1","5231540","1.91148304323392e-07","-9.55400902555744","-0.0428707236045938","389","3556757.8","0.000109369268832418","0.5","3436513","1.45496321416506e-07","FALSE","FALSE","F382D","-9.3571541634846","-0.0396673873064312"
"260","F","382","E","TTT","GAG","1144","missense_variant","TTT","GAG","GAG","3","1.28220605396557","0.0138011791657725","97","3556757.8","2.72720284749217e-05","347","5231540","6.63284616002171e-05","-7.55029552275837","-0.0332258044024058","97","3556757.8","2.72720284749217e-05","0.5","3436513","1.45496321416506e-07","FALSE","FALSE","F382E","-3.1340447343964","-0.00971231261831668"
"261","F","382","G","TT","GG","1144","missense_variant","TTT","GGT","GGT","2","-1.48713202317249","0.00047090916448398","324","3556757.8","9.10941982048932e-05","170","5231540","3.24952117349767e-05","-9.29023268345587","-0.0416010303558013","324","3556757.8","9.10941982048932e-05","0.5","3436513","1.45496321416506e-07","FALSE","FALSE","F382G","-5.38868235331418","-0.0205650605956587"
"262","F","382","H","TTT","CAC","1144","missense_variant","TTT","CAC","CAT","2","-8.99130118406229","-0.0356505748377081","173","3556757.8","4.86398033624893e-05","0.5","5231540","9.55741521616962e-08","-8.38501090820797","-0.0372437253468114","173","3556757.8","4.86398033624893e-05","0.5","3436513","1.45496321416506e-07","FALSE","FALSE","F382H","-8.68815604613513","-0.0364471500922597"
"263","F","382","K","TTT","AAG","1144","missense_variant","TTT","AAG","AAG","3","-1.17031821185081","0.00199589944281783","508","3556757.8","0.000142826705827425","332","5231540","6.34612370353663e-05","-9.93906736734341","-0.0447242104376496","508","3556757.8","0.000142826705827425","0.5","3436513","1.45496321416506e-07","FALSE","FALSE","F382K","-5.55469278959711","-0.0213641554974159"
"264","F","382","L","TTT","CTG","1144","missense_variant","TTT","CTG","CTT","1","-1.0545787228775","0.00255301402935462","209","3556757.8","5.87613809408108e-05","148","5231540","2.82899490398621e-05","0.0146835293193688","0.00318838935414092","209","3556757.8","5.87613809408108e-05","204","3436513","5.93624991379343e-05","FALSE","FALSE","F382L","-0.519947596779064","0.00287070169174777"
"265","F","382","M","TTT","ATG","1144","missense_variant","TTT","ATG","ATG","2","0.005113221929498","0.00765386461133416","502","3556757.8","0.000141139776231038","741","5231540","0.000141640893503634","-1.81340177774385","-0.00561113964873359","502","3556757.8","0.000141139776231038","138","3436513","4.01569847109556e-05","FALSE","FALSE","F382M","-0.904144277907175","0.00102136248130028"
"266","F","382","N","TTT","AAC","1144","missense_variant","TTT","AAC","AAT","2","-10.0565188435088","-0.0407780235691525","362","3556757.8","0.000101778085648677","0.5","5231540","9.55741521616962e-08","-2.32094555070948","-0.00805421281013559","362","3556757.8","0.000101778085648677","70","3436513","2.03694849983108e-05","FALSE","FALSE","F382N","-6.18873219710913","-0.024416118189644"
"267","F","382","P","TT","CC","1144","missense_variant","TTT","CCT","CCT","2","-0.372248385288137","0.00583742618012254","110","3556757.8","3.09270426004267e-05","125","5231540","2.3893538040424e-05","-7.7317423940959","-0.0340992029252463","110","3556757.8","3.09270426004267e-05","0.5","3436513","1.45496321416506e-07","FALSE","FALSE","F382P","-4.05199538969202","-0.0141308883725619"
"268","F","382","R","TTT","AGA","1144","missense_variant","TTT","AGA","CGT","2","-1.55667295642556","0.000136172346304272","1","3556757.8","2.81154932731152e-07","0.5","5231540","9.55741521616962e-08","0.0496173194287561","0.00335654392442283","1","3556757.8","2.81154932731152e-07","1","3436513","2.90992642833011e-07","FALSE","FALSE","F382R","-0.753527818498404","0.00174635813536355"
"269","F","382","S","TTT","AGC","1144","missense_variant","TTT","AGC","TCT","1","-9.60106707578402","-0.0385856964255451","264","3556757.8","7.42249022410241e-05","0.5","5231540","9.55741521616962e-08","-1.65492679704507","-0.00484831682886798","264","3556757.8","7.42249022410241e-05","81","3436513","2.35704040694739e-05","FALSE","FALSE","F382S","-5.62799693641455","-0.0217170066272066"
"270","F","382","T","TTT","ACC","1144","missense_variant","TTT","ACC","ACT","2","-8.46356355203408","-0.0331102980896822","120","3556757.8","3.37385919277382e-05","0.5","5231540","9.55741521616962e-08","-7.85727327617976","-0.0347034485987854","120","3556757.8","3.37385919277382e-05","0.5","3436513","1.45496321416506e-07","FALSE","FALSE","F382T","-8.16041841410692","-0.0339068733442338"
"271","F","382","V","TTT","GTG","1144","missense_variant","TTT","GTG","GTT","1","-9.33146001602674","-0.0372879368885325","219","3556757.8","6.15729302681223e-05","0.5","5231540","9.55741521616962e-08","-2.29890498547032","-0.00794812006254202","219","3556757.8","6.15729302681223e-05","43","3436513","1.25126836418195e-05","FALSE","FALSE","F382V","-5.81518250074853","-0.0226180284755373"
"272","F","382","W","TT","GG","1145","missense_variant","TTT","TGG","TGG","2","-1.62752328289602","-0.000204867265048148","313","3556757.8","8.80014939448506e-05","149","5231540","2.84810973441855e-05","-4.24040152750386","-0.0172935565498853","313","3556757.8","8.80014939448506e-05","16","3436513","4.65588228532818e-06","FALSE","FALSE","F382W","-2.93396240519994","-0.00874921190746673"
"273","F","382","Y","TT","AC","1145","missense_variant","TTT","TAC","TAT","1","-9.00788406825789","-0.0357303969170535","175","3556757.8","4.92021132279516e-05","0.5","5231540","9.55741521616962e-08","-0.801680950216445","-0.000741199099328082","175","3556757.8","4.92021132279516e-05","97","3436513","2.82262863548021e-05","FALSE","FALSE","F382Y","-4.90478250923717","-0.0182357980081908"
"274","G","372","A","GG","CT","1115","missense_variant","GGG","GCT","GCG","1","0.373683780840616","0.00942798713735252","53","3556919.8","1.49005327587088e-05","101","5231540","1.93059787366626e-05","0.876351425620779","0.00733604680483774","53","3556919.8","1.49005327587088e-05","94","3436513","2.73533084263031e-05","FALSE","FALSE","G372A","0.625017603230697","0.00838201697109513"
"275","G","372","C","GGG","TGC","1114","missense_variant","GGG","TGC","TGC","2","-1.3701941231171","0.00103379232923393","58","3556919.8","1.63062433963229e-05","33","5231540","6.30789404267195e-06","0.864127375350264","0.00727720606886531","58","3556919.8","1.63062433963229e-05","102","3436513","2.96812495689671e-05","FALSE","FALSE","G372C","-0.253033373883417","0.00415549919904962"
"276","G","372","D","GG","AT","1115","missense_variant","GGG","GAT","GAT","2","-1.68589026429295","-0.000485818019166715","35","3556919.8","9.83997446329827e-06","16","5231540","3.05837286917428e-06","-2.27224506638102","-0.00781979195316214","35","3556919.8","9.83997446329827e-06","7","3436513","2.03694849983108e-06","FALSE","FALSE","G372D","-1.97906766533698","-0.00415280498616443"
"277","G","372","E","G","A","1115","missense_variant","GGG","GAG","GAG","1","0.043767941866036","0.00783992995952406","1769","3556919.8","0.000497340423587847","2682","5231540","0.000512659752195338","0.432766984498864","0.00520084329994945","1769","3556919.8","0.000497340423587847","2307","3436513","0.000671320027015757","FALSE","FALSE","G372E","0.23826746318245","0.00652038662973675"
"278","G","372","H","GGG","CAC","1114","missense_variant","GGG","CAC","CAC","3","-0.556607247347979","0.0049500107256224","9","3556919.8","2.53027914770527e-06","9","5231540","1.72033473891053e-06","-2.12024197293597","-0.00708812170553834","9","3556919.8","2.53027914770527e-06","2","3436513","5.81985285666023e-07","FALSE","FALSE","G372H","-1.33842461014198","-0.00106905548995797"
"279","G","372","K","GG","AA","1114","missense_variant","GGG","AAG","AAG","2","-0.293572841514186","0.00621613264780264","20","3556919.8","5.62284255045616e-06","24","5231540","4.58755930376142e-06","2.17069842946771","0.0135664146963843","20","3556919.8","5.62284255045616e-06","87","3436513","2.5316359926472e-05","FALSE","FALSE","G372K","0.93856279397676","0.00989127367209349"
"280","G","372","M","GG","AT","1114","missense_variant","GGG","ATG","ATG","2","-3.23120696055381","-0.00792423406837108","83","3556919.8","2.3334796584393e-05","13","5231540","2.4849279562041e-06","-0.740393902119429","-0.000446192539652464","83","3556919.8","2.3334796584393e-05","48","3436513","1.39676468559845e-05","FALSE","FALSE","G372M","-1.98580043133662","-0.00418521330401177"
"281","G","372","N","GGG","AAC","1114","missense_variant","GGG","AAC","AAC","3","0.443392752652021","0.00976353281284424","30","3556919.8","8.43426382568423e-06","60","5231540","1.14688982594035e-05","-2.27224506638102","-0.00781979195316214","30","3556919.8","8.43426382568423e-06","6","3436513","1.74595585699807e-06","FALSE","FALSE","G372N","-0.914426156864501","0.000971870429841051"
"282","G","372","P","GGG","CCT","1114","missense_variant","GGG","CCT","CCG","2","-5.25704696548907","-0.0176756596773046","13","3556919.8","3.6548476577965e-06","0.5","5231540","9.55741521616962e-08","0.872805266422261","0.00731897728921087","13","3556919.8","3.6548476577965e-06","23","3436513","6.69283078515926e-06","FALSE","FALSE","G372P","-2.19212084953341","-0.00517834119404684"
"283","G","372","Q","GG","CA","1114","missense_variant","GGG","CAG","CAG","2","1.55886997007196","0.0151329070366879","18","3556919.8","5.06055829541054e-06","78","5231540","1.49095677372246e-05","1.87975802706403","0.012165966643349","18","3556919.8","5.06055829541054e-06","64","3436513","1.86235291413127e-05","FALSE","FALSE","G372Q","1.71931399856799","0.0136494368400184"
"284","G","372","R","GGG","AGA","1114","missense_variant","GGG","AGA","AGG","1","0.471407128821617","0.00989838063129634","51","3556919.8","1.43382485036632e-05","104","5231540","1.98794236496328e-05","0.464720527785184","0.00535465238632315","51","3556919.8","1.43382485036632e-05","68","3436513","1.97874997126448e-05","FALSE","FALSE","G372R","0.468063828303401","0.00762651650880974"
"285","G","372","S","GGG","AGC","1114","missense_variant","GGG","AGC","AGC","2","3.18755384822243","0.0229726128572673","5","3556919.8","1.40571063761404e-06","67","5231540","1.28069363896673e-05","2.72775493361898","0.0162478184829471","5","3556919.8","1.40571063761404e-06","32","3436513","9.31176457065636e-06","FALSE","FALSE","G372S","2.9576543909207","0.0196102156701072"
"286","G","372","T","GGG","ACC","1114","missense_variant","GGG","ACC","ACG","2","-6.60100136670643","-0.0241448138717833","33","3556919.8","9.27769020825266e-06","0.5","5231540","9.55741521616962e-08","-5.99471109085211","-0.0257379643808866","33","3556919.8","9.27769020825266e-06","0.5","3436513","1.45496321416506e-07","FALSE","FALSE","G372T","-6.29785622877927","-0.024941389126335"
"287","G","372","V","G","T","1115","missense_variant","GGG","GTG","GTG","1","-0.561705114987658","0.00492547202714107","567","3556919.8","0.000159407586305432","565","5231540","0.000107998791942717","0.713049738305259","0.00654999052606389","567","3556919.8","0.000159407586305432","898","3436513","0.000261311393264044","FALSE","FALSE","G372V","0.0756723116588002","0.00573773127660248"
"288","G","372","W","G","T","1114","missense_variant","GGG","TGG","TGG","1","-0.448354356695956","0.00547108840578153","616","3556919.8","0.00017318355055405","664","5231540","0.000126922474070733","0.637764871071675","0.00618760515480147","616","3556919.8","0.00017318355055405","926","3436513","0.000269459187263368","FALSE","FALSE","G372W","0.0947052571878597","0.0058293467802915"
"289","G","372","Y","GGG","TAC","1114","missense_variant","GGG","TAC","TAC","3","-6.98287200205008","-0.0259829566094714","43","3556919.8","1.20891114834807e-05","0.5","5231540","9.55741521616962e-08","0.267274463578967","0.0044042413952315","43","3556919.8","1.20891114834807e-05","50","3436513","1.45496321416506e-05","FALSE","FALSE","G372Y","-3.35779876923556","-0.01078935760712"
"290","G","383","A","GC","CT","1148","missense_variant","GGC","GCT","GCC","1","-11.0388954315086","-0.0455067149734594","715","3555715","0.000201084732606522","0.5","5231540","9.55741521616962e-08","-10.4326051556543","-0.0470998654825627","715","3555715","0.000201084732606522","0.5","3436513","1.45496321416506e-07","FALSE","FALSE","G383A","-10.7357502935815","-0.0463032902280111"
"291","G","383","C","G","T","1147","missense_variant","GGC","TGC","TGC","1","-0.184196618204477","0.00674261751452083","634","3555715","0.000178304504157392","821","5231540","0.000156932757849505","-1.15585694571594","-0.00244603307642868","634","3555715","0.000178304504157392","275","3436513","8.00229767790781e-05","FALSE","FALSE","G383C","-0.670026781960208","0.00214829221904608"
"292","G","383","D","GC","AT","1148","missense_variant","GGC","GAT","GAC","1","-9.29856298624402","-0.0371295863090694","214","3555715","6.01848010878262e-05","0.5","5231540","9.55741521616962e-08","-8.6922727103897","-0.0387227368181727","214","3555715","6.01848010878262e-05","0.5","3436513","1.45496321416506e-07","FALSE","FALSE","G383D","-8.99541784831686","-0.0379261615636211"
"293","G","383","E","GC","AG","1148","missense_variant","GGC","GAG","GAG","2","-9.97494851472877","-0.040385382989908","342","3555715","9.61831867852176e-05","0.5","5231540","9.55741521616962e-08","-9.36865823887445","-0.0419785334990113","342","3555715","9.61831867852176e-05","0.5","3436513","1.45496321416506e-07","FALSE","FALSE","G383E","-9.67180337680161","-0.0411819582444597"
"294","G","383","H","GG","CA","1147","missense_variant","GGC","CAC","CAC","2","3.99749285183476","0.0268712721404577","4","3555715","1.12494955304348e-06","94","5231540","1.79679406063989e-05","-2.95080572398855","-0.0110860586660758","4","3555715","1.12494955304348e-06","0.5","3436513","1.45496321416506e-07","FALSE","FALSE","G383H","0.523343563923105","0.00789260673719097"
"295","G","383","I","GG","AT","1147","missense_variant","GGC","ATC","ATC","2","-1.20115901279061","0.00184744656630645","872","3555715","0.000245239002563479","558","5231540","0.000106660753812453","-1.96410254660201","-0.00633654112819368","872","3555715","0.000245239002563479","216","3436513","6.28544108519304e-05","FALSE","FALSE","G383I","-1.58263077969631","-0.00224454728094361"
"296","G","383","I","GGC","ATC","1147","missense_variant","GGC","ATC","ATC","2","0.442904000157126","0.00976118019191488","1","3555715","2.8123738826087e-07","2","5231540","3.82296608646785e-07","-0.950805723988554","-0.00145901449163209","1","3555715","2.8123738826087e-07","0.5","3436513","1.45496321416506e-07","FALSE","FALSE","G383I","-0.253950861915714","0.0041510828501414"
"297","G","383","K","GGC","AAG","1147","missense_variant","GGC","AAG","AAG","3","-2.87902409473024","-0.00622899406498821","5","3555715","1.40618694130435e-06","1","5231540","1.91148304323392e-07","-3.27273381887592","-0.0126356666613133","5","3555715","1.40618694130435e-06","0.5","3436513","1.45496321416506e-07","FALSE","FALSE","G383K","-3.07587895680308","-0.00943233036315078"
"298","G","383","L","GGC","CTG","1147","missense_variant","GGC","CTG","CTC","2","-1.37206410601035","0.00102479112527452","95","3555715","2.67175518847827e-05","54","5231540","1.03220084334632e-05","-0.311207966690552","0.0016197034400594","95","3555715","2.67175518847827e-05","74","3436513","2.15334555696428e-05","FALSE","FALSE","G383L","-0.841636036350453","0.00132224728266696"
"299","G","383","N","GG","AA","1147","missense_variant","GGC","AAC","AAC","2","2.22329187461446","0.0183311165494372","54","3555715","1.5186818966087e-05","371","5231540","7.09160209039786e-05","0.484131332727995","0.00544808672464612","54","3555715","1.5186818966087e-05","73","3436513","2.12424629268098e-05","FALSE","FALSE","G383N","1.35371160367123","0.0118896016370417"
"300","G","383","Q","GGC","CAG","1147","missense_variant","GGC","CAG","CAG","3","-2.61598968889644","-0.00496287214280797","300","3555715","8.43712164782611e-05","72","5231540","1.37626779112842e-05","0.308215619338616","0.00460131255275696","300","3555715","8.43712164782611e-05","359","3436513","0.000104466358777051","FALSE","FALSE","G383Q","-1.15388703477891","-0.000180779795025506"
"301","G","383","S","G","A","1147","missense_variant","GGC","AGC","AGC","1","0.634826103871969","0.0106850014771724","499","3555715","0.000140337456742174","1140","5231540","0.000217909066928667","-2.57385172644119","-0.00927158227301497","499","3555715","0.000140337456742174","81","3436513","2.35704040694739e-05","FALSE","FALSE","G383S","-0.969512811284611","0.000706709602078699"
"302","G","383","V","GC","TG","1148","missense_variant","GGC","GTG","GTC","1","-0.284077505436458","0.00626183865773838","432","3555715","0.000121494551728696","522","5231540","9.97794148568108e-05","-1.86020317520765","-0.00583641920913844","432","3555715","0.000121494551728696","115","3436513","3.34641539257963e-05","FALSE","FALSE","G383V","-1.07214034032205","0.000212709724299967"
"303","G","383","W","GGC","TGG","1147","missense_variant","GGC","TGG","TGG","2","-1.55709599984287","0.000134136017471198","1","3555715","2.8123738826087e-07","0.5","5231540","9.55741521616962e-08","6.49213777186017","0.0343677584195799","1","3555715","2.8123738826087e-07","87","3436513","2.5316359926472e-05","FALSE","FALSE","G383W","2.46752088600865","0.0172509472185256"
"304","G","383","Y","GG","TA","1147","missense_variant","GGC","TAC","TAC","2","1.27430439618138","0.0137631443615026","170","3555715","4.78103560043479e-05","605","5231540","0.000115644724115652","-8.36019666012626","-0.0371242814155922","170","3555715","4.78103560043479e-05","0.5","3436513","1.45496321416506e-07","FALSE","FALSE","G383Y","-3.54294613197244","-0.0116805685270448"
"305","G","390","A","GG","CT","1169","missense_variant","GGG","GCT","GCG","1","-1.55709599984287","0.000134136017471198","1","3555715","2.8123738826087e-07","0.5","5231540","9.55741521616962e-08","-0.950805723988554","-0.00145901449163209","1","3555715","2.8123738826087e-07","0.5","3436513","1.45496321416506e-07","FALSE","FALSE","G390A","-1.25395086191571","-0.000662439237080444"
"306","G","390","C","GGG","TGC","1168","missense_variant","GGG","TGC","TGC","2","-7.8969460027275","-0.0303828720010874","81","3555715","2.27802284491305e-05","0.5","5231540","9.55741521616962e-08","0.477528597903747","0.00541630431473354","81","3555715","2.27802284491305e-05","109","3436513","3.17181980687982e-05","FALSE","FALSE","G390C","-3.70970870241188","-0.0124832838431769"
"307","G","390","E","G","A","1169","missense_variant","GGG","GAG","GAG","1","-1.62566028632595","-0.000195899689909673","237","3555715","6.66532610178262e-05","113","5231540","2.15997583885433e-05","1.09118836467607","0.00837016915613153","237","3555715","6.66532610178262e-05","488","3436513","0.000142004409702509","FALSE","FALSE","G390E","-0.267235960824936","0.00408713473311093"
"308","G","390","F","GGG","TTC","1168","missense_variant","GGG","TTC","TTC","3","1.46071527627359","0.0146604372501249","161","3555715","4.52792195100001e-05","652","5231540","0.000124628694418852","-0.0337950886595857","0.00295503645574124","161","3555715","4.52792195100001e-05","152","3436513","4.42308817106177e-05","FALSE","FALSE","G390F","0.713460093807","0.00880773685293307"
"309","G","390","I","GGG","ATC","1168","missense_variant","GGG","ATC","ATC","3","5.5089931906149","0.0341469124060192","1","3555715","2.8123738826087e-07","67","5231540","1.28069363896673e-05","6.17847729295641","0.0328579467764881","1","3555715","2.8123738826087e-07","70","3436513","2.03694849983108e-05","FALSE","FALSE","G390I","5.84373524178566","0.0335024295912536"
"310","G","390","M","GG","AT","1168","missense_variant","GGG","ATG","ATG","2","-0.0465235244984547","0.00740530999189093","325","3555715","9.14021511847828e-05","463","5231540","8.85016649017307e-05","-0.991320883727268","-0.00165403510790171","325","3555715","9.14021511847828e-05","158","3436513","4.59768375676158e-05","FALSE","FALSE","G390M","-0.518922204112861","0.00287563744199461"
"311","G","390","Q","GG","CA","1168","missense_variant","GGG","CAG","CAG","2","-8.35151186619298","-0.0325709348249756","111","3555715","3.12173500969566e-05","0.5","5231540","9.55741521616962e-08","-7.74522159033866","-0.0341640853340789","111","3555715","3.12173500969566e-05","0.5","3436513","1.45496321416506e-07","FALSE","FALSE","G390Q","-8.04836672826582","-0.0333675100795272"
"312","G","390","T","GGG","ACC","1168","missense_variant","GGG","ACC","ACG","2","-2.31608790033908","-0.00351928825958977","264","3555715","7.42466705008697e-05","78","5231540","1.49095677372246e-05","-7.99519984334701","-0.0353673611762597","264","3555715","7.42466705008697e-05","1","3436513","2.90992642833011e-07","FALSE","FALSE","G390T","-5.15564387184304","-0.0194433247179247"
"313","G","390","V","G","T","1169","missense_variant","GGG","GTG","GTG","1","-0.105400029985182","0.00712190663231213","68","3555715","1.91241424017392e-05","93","5231540","1.77767923020755e-05","0.111478554265788","0.0036543143446537","68","3555715","1.91241424017392e-05","71","3436513","2.06604776411438e-05","FALSE","FALSE","G390V","0.00303926214030301","0.00538811048848292"
"314","G","390","W","G","T","1168","missense_variant","GGG","TGG","TGG","1","0.324259503658507","0.00919008228749147","133","3555715","3.74045726386957e-05","245","5231540","4.68313345592311e-05","-1.14810716436217","-0.00240872933271118","133","3555715","3.74045726386957e-05","58","3436513","1.68775732843147e-05","FALSE","FALSE","G390W","-0.411923830351832","0.00339067647739014"
"315","H","361","N","C","A","1081","missense_variant","CAC","AAC","AAC","1","0.268874600382077","0.00892348583227173","22","3555715","6.18722254173914e-06","39","5231540","7.4547838686123e-06","1.04919427601145","0.0081680296828116","22","3555715","6.18722254173914e-06","44","3436513","1.28036762846525e-05","FALSE","FALSE","H361N","0.659034438196761","0.00854575775754166"
"316","H","361","Q","C","G","1083","missense_variant","CAC","CAG","CAG","1","-0.235167904955512","0.00649726609993061","4","3555715","1.12494955304348e-06","5","5231540","9.55741521616962e-07","-1.95080572398855","-0.00627253657885393","4","3555715","1.12494955304348e-06","1","3436513","2.90992642833011e-07","FALSE","FALSE","H361Q","-1.09298681447203","0.00011236476053834"
"317","H","361","Y","C","T","1081","missense_variant","CAC","TAC","TAC","1","0.0803339207724174","0.00801594110663081","18","3555715","5.06227298869566e-06","28","5231540","5.35215252105499e-06","1.2011973694565","0.00889969993043539","18","3555715","5.06227298869566e-06","40","3436513","1.16397057133204e-05","FALSE","FALSE","H361Y","0.640765645114456","0.0084578205185331"
"318","H","375","A","CAC","GCT","1123","missense_variant","CAC","GCT","GCC","2","1.30116841725736","0.0138924549203034","8","3556413.6","2.24945714975334e-06","29","5231540","5.54330082537838e-06","0.371405792871467","0.00490547984875272","8","3556413.6","2.24945714975334e-06","10","3436513","2.90992642833011e-06","FALSE","FALSE","H375A","0.836287105064412","0.00939896738452807"
"319","H","375","C","CA","TG","1123","missense_variant","CAC","TGC","TGC","2","-0.495412033206072","0.00524457524052674","23","3556413.6","6.46718930554084e-06","24","5231540","4.58755930376142e-06","1.08050459360473","0.0083187425881048","23","3556413.6","6.46718930554084e-06","47","3436513","1.36766542131515e-05","FALSE","FALSE","H375C","0.292546280199328","0.00678165891431577"
"320","H","375","D","CAC","GAT","1123","missense_variant","CAC","GAT","GAC","1","-0.181773146523291","0.00675428294898598","64","3556413.6","1.79956571980267e-05","83","5231540","1.58653092588416e-05","0.557272338182801","0.00580015256988444","64","3556413.6","1.79956571980267e-05","91","3436513","2.6480330497804e-05","FALSE","FALSE","H375D","0.187749595829755","0.00627721775943521"
"321","H","375","E","CAC","GAG","1123","missense_variant","CAC","GAG","GAG","2","-1.3778424368249","0.000996977002271447","371","3556413.6","0.000104318575319811","210","5231540","4.01411439079124e-05","-1.69138181228659","-0.00502379384992305","371","3556413.6","0.000104318575319811","111","3436513","3.23001833544642e-05","FALSE","FALSE","H375E","-1.53461212455574","-0.0020134084238258"
"322","H","375","G","CAC","GGT","1123","missense_variant","CAC","GGT","GGC","2","0.0387971670504491","0.00781600302515862","45","3556413.6","1.26531964673625e-05","68","5231540","1.29980846939907e-05","-1.85741289762441","-0.00582298814636207","45","3556413.6","1.26531964673625e-05","12","3436513","3.49191171399613e-06","FALSE","FALSE","H375G","-0.909307865286983","0.000996507439398276"
"323","H","375","I","CA","AT","1123","missense_variant","CAC","ATC","ATC","2","-0.711535172668858","0.0042042617351629","59","3556413.6","1.65897464794309e-05","53","5231540","1.01308601291398e-05","0.189202461650718","0.00402844008955625","59","3556413.6","1.65897464794309e-05","65","3436513","1.89145217841457e-05","FALSE","FALSE","H375I","-0.26116635550907","0.00411635091235957"
"324","H","375","K","CAC","AAG","1123","missense_variant","CAC","AAG","AAG","2","-2.0593129183994","-0.00228329621257713","34","3556413.6","9.56019288645168e-06","12","5231540","2.29377965188071e-06","-3.03798514326624","-0.0115056987263201","34","3556413.6","9.56019288645168e-06","4","3436513","1.16397057133205e-06","FALSE","FALSE","H375K","-2.54864903083282","-0.00689449746944859"
"325","H","375","L","AC","TG","1124","missense_variant","CAC","CTG","CTC","1","-0.69007910873368","0.00430754097281972","102","3556413.6","2.8680578659355e-05","93","5231540","1.77767923020755e-05","-0.868060141823923","-0.00106071680426261","102","3556413.6","2.8680578659355e-05","54","3436513","1.57136027129826e-05","FALSE","FALSE","H375L","-0.779069625278801","0.00162341208427856"
"326","H","375","M","CAC","ATG","1123","missense_variant","CAC","ATG","ATG","3","-0.856372859729124","0.00350708232943618","48","3556413.6","1.349674289852e-05","39","5231540","7.4547838686123e-06","1.10837138703767","0.00845288001379432","48","3556413.6","1.349674289852e-05","100","3436513","2.90992642833011e-05","FALSE","FALSE","H375M","0.125999263654274","0.00597998117161525"
"327","H","375","N","C","A","1123","missense_variant","CAC","AAC","AAC","1","0.149456219073074","0.00834866281622056","38","3556413.6","1.06849214613283e-05","62","5231540","1.18511948680503e-05","-0.291559219850963","0.00171428311695799","38","3556413.6","1.06849214613283e-05","30","3436513","8.72977928499034e-06","FALSE","FALSE","H375N","-0.0710515003889443","0.00503147296658928"
"328","H","375","P","AC","CT","1124","missense_variant","CAC","CCT","CCC","1","-1.81315233113","-0.00109839678875238","86","3556413.6","2.41816643598484e-05","36","5231540","6.88133895564212e-06","-0.518806061590421","0.000620425424993703","86","3556413.6","2.41816643598484e-05","58","3436513","1.68775732843147e-05","FALSE","FALSE","H375P","-1.16597919636021","-0.000238985681879339"
"329","H","375","Q","C","G","1125","missense_variant","CAC","CAG","CAG","1","-0.0477989303823578","0.00739917079749859","26","3556413.6","7.31073573669834e-06","37","5231540","7.07248725996552e-06","0.303234290229887","0.00457733481506837","26","3556413.6","7.31073573669834e-06","31","3436513","9.02077192782335e-06","FALSE","FALSE","H375Q","0.127717679923765","0.00598825280628348"
"330","H","375","R","CAC","AGA","1123","missense_variant","CAC","AGA","CGC","1","4.74696817030689","0.0304788881397509","2","3556413.6","5.62364287438334e-07","79","5231540","1.5100716041548e-05","3.63444019870526","0.0206121680325985","2","3556413.6","5.62364287438334e-07","24","3436513","6.98382342799227e-06","FALSE","FALSE","H375R","4.19070418450607","0.0255455280861747"
"331","H","375","S","CA","AG","1123","missense_variant","CAC","AGC","AGC","2","1.11834773182252","0.0130124435129618","31","3556413.6","8.71664645529418e-06","99","5231540","1.89236821280158e-05","1.57101481856363","0.0106798243899526","31","3556413.6","8.71664645529418e-06","89","3436513","2.5898345212138e-05","FALSE","FALSE","H375S","1.34468127519307","0.0118461339514572"
"332","H","375","T","CA","AC","1123","missense_variant","CAC","ACC","ACC","2","0.997776273807422","0.0124320701367176","16","3556413.6","4.49891429950667e-06","47","5231540","8.98397030319944e-06","-1.9505223020159","-0.00627117232092853","16","3556413.6","4.49891429950667e-06","4","3436513","1.16397057133205e-06","FALSE","FALSE","H375T","-0.476373014104237","0.00308044890789452"
"333","H","375","V","CAC","GTG","1123","missense_variant","CAC","GTG","GTC","2","2.58273877452858","0.0200613221413572","16","3556413.6","4.49891429950667e-06","141","5231540","2.69519109095983e-05","3.43318199045816","0.0196434072019664","16","3556413.6","4.49891429950667e-06","167","3436513","4.85957713531129e-05","FALSE","FALSE","H375V","3.00796038249337","0.0198523646716618"
"334","H","375","Y","C","T","1123","missense_variant","CAC","TAC","TAC","1","-0.65634825142113","0.00446990519951461","30","3556413.6","8.43546431157501e-06","28","5231540","5.35215252105499e-06","-0.465095474845654","0.000878962520607287","30","3556413.6","8.43546431157501e-06","21","3436513","6.11084549949324e-06","FALSE","FALSE","H375Y","-0.560721863133392","0.00267443386006095"
"335","I","347","C","AT","TG","1039","missense_variant","ATC","TGC","TGC","2","-7.62274037159025","-0.0290629771391677","69","1726441.9","3.99665925624256e-05","0.5","2465734.9","2.02779301213606e-07","-7.17764384312898","-0.0314320373116694","69","1726441.9","3.99665925624256e-05","0.5","1811169","2.76064795720333e-07","FALSE","FALSE","I347C","-7.40019210735962","-0.0302475072254186"
"336","I","347","D","ATC","GAT","1039","missense_variant","ATC","GAT","GAC","2","-0.72443362220243","0.00414217476344213","59","1726441.9","3.41743327707698e-05","51","2465734.9","2.06834887237878e-05","0.648150406474475","0.00623759615885047","59","1726441.9","3.41743327707698e-05","97","1811169","5.35565703697446e-05","FALSE","FALSE","I347D","-0.0381416078639776","0.0051898854611463"
"337","I","347","E","ATC","GAG","1039","missense_variant","ATC","GAG","GAG","3","-7.62274037159025","-0.0290629771391677","69","1726441.9","3.99665925624256e-05","0.5","2465734.9","2.02779301213606e-07","-3.00771884168667","-0.0113600112151683","69","1726441.9","3.99665925624256e-05","9","1811169","4.969166322966e-06","FALSE","FALSE","I347E","-5.31522960663846","-0.020211494177168"
"338","I","347","F","A","T","1039","missense_variant","ATC","TTC","TTC","1","0.242512934175552","0.00879659336973065","29","1726441.9","1.67975533958021e-05","49","2465734.9","1.98723715189334e-05","0.282352984150566","0.00447682218704552","29","1726441.9","1.67975533958021e-05","37","1811169","2.04287948833046e-05","FALSE","FALSE","I347F","0.262432959163059","0.00663670777838808"
"339","I","347","G","ATC","GGT","1039","missense_variant","ATC","GGT","GGC","2","0.872595031660132","0.0118295074627357","200","1726441.9","0.000115845195833118","523","2465734.9","0.000212107149069432","-0.818157812817592","-0.000820510841386823","200","1726441.9","0.000115845195833118","119","1811169","6.57034213814393e-05","FALSE","FALSE","I347G","0.0272186094212698","0.00550449831067446"
"340","I","347","K","TC","AG","1040","missense_variant","ATC","AAG","AAG","2","1.29717452048068","0.0138732302099548","51","1726441.9","2.9540524937445e-05","179","2465734.9","7.25949898344708e-05","-0.986657226158838","-0.00163158648918883","51","1726441.9","2.9540524937445e-05","27","1811169","1.4907498968898e-05","FALSE","FALSE","I347K","0.155258647160919","0.00612082186038298"
"341","I","347","M","C","G","1041","missense_variant","ATC","ATG","ATG","1","-0.260459322566301","0.00637552530264392","78","1726441.9","4.51796263749159e-05","93","2465734.9","3.77169500257307e-05","-0.862668508883385","-0.00103476406001713","78","1726441.9","4.51796263749159e-05","45","1811169","2.484583161483e-05","FALSE","FALSE","I347M","-0.561563915724843","0.00267038062131339"
"342","I","347","N","T","A","1040","missense_variant","ATC","AAC","AAC","1","-2.35375124261884","-0.00370058158953199","68","1726441.9","3.93873665832601e-05","19","2465734.9","7.70561344611702e-06","-4.15658222760115","-0.0168900904984681","68","1726441.9","3.93873665832601e-05","4","1811169","2.20851836576266e-06","FALSE","FALSE","I347N","-3.25516673510999","-0.0102953360440001"
"343","I","347","R","TC","GA","1040","missense_variant","ATC","AGA","AGA","2","0.362927337402382","0.00937621075928263","49","1726441.9","2.83820729791139e-05","90","2465734.9","3.6500274218449e-05","-1.16026727440901","-0.00246726229100467","49","1726441.9","2.83820729791139e-05","23","1811169","1.26989806031353e-05","FALSE","FALSE","I347R","-0.398669968503312","0.00345447423413898"
"344","I","347","S","T","G","1040","missense_variant","ATC","AGC","AGC","1","5.07074658590907","0.0320374026946177","1","1726441.9","5.79225979165589e-07","48","2465734.9","1.94668129165062e-05","-0.0691193863508116","0.00278500216858892","1","1726441.9","5.79225979165589e-07","1","1811169","5.52129591440666e-07","FALSE","FALSE","I347S","2.50081359977913","0.0174112024316033"
"345","I","347","T","T","C","1040","missense_variant","ATC","ACC","ACC","1","1.35203269629909","0.0141372912509214","48","1726441.9","2.78028469999483e-05","175","2465734.9","7.0972755424762e-05","1.37934111446548","0.00975719878173657","48","1726441.9","2.78028469999483e-05","131","1811169","7.23289764787273e-05","FALSE","FALSE","I347T","1.36568690538229","0.011947245016329"
"346","I","347","W","ATC","TGG","1039","missense_variant","ATC","TGG","TGG","3","-0.901239037921332","0.00329111798973876","17","1726441.9","9.84684164581501e-06","13","2465734.9","5.27226183155375e-06","-5.15658222760115","-0.02170361258569","17","1726441.9","9.84684164581501e-06","0.5","1811169","2.76064795720333e-07","FALSE","FALSE","I347W","-3.02891063276124","-0.00920624729797561"
"347","I","360","F","A","T","1078","missense_variant","ATC","TTC","TTC","1","0.179869594323332","0.00849505826973464","3","3555715","8.43712164782611e-07","5","5231540","9.55741521616962e-07","-0.53576822470971","0.000538777678171946","3","3555715","8.43712164782611e-07","2","3436513","5.81985285666023e-07","FALSE","FALSE","I360F","-0.177949315193189","0.0045169179739533"
"348","I","360","N","T","A","1079","missense_variant","ATC","AAC","AAC","1","0.25025892221473","0.00883387885424459","4","3555715","1.12494955304348e-06","7","5231540","1.33803813026375e-06","-1.95080572398855","-0.00627253657885393","4","3555715","1.12494955304348e-06","1","3436513","2.90992642833011e-07","FALSE","FALSE","I360N","-0.850273400886912","0.00128067113769533"
"349","I","360","T","T","C","1079","missense_variant","ATC","ACC","ACC","1","0.243595191933719","0.00880180284135365","31","3555715","8.71835903608698e-06","54","5231540","1.03220084334632e-05","1.4700373969715","0.0101937673408082","31","3555715","8.71835903608698e-06","83","3436513","2.41523893551399e-05","FALSE","FALSE","I360T","0.856816294452607","0.00949778509108091"
"350","K","356","E","A","G","1066","missense_variant","AAG","GAG","GAG","1","0.862821589309526","0.0117824627821129","3","3567763","8.408630281776e-07","8","5231540","1.52918643458714e-06","0.478447764253375","0.0054207287422593","3","3567763","8.408630281776e-07","4","3414346.6","1.17152722573625e-06","FALSE","FALSE","K356E","0.67063467678145","0.0086015957621861"
"351","K","356","H","AAG","CAC","1066","missense_variant","AAG","CAC","CAC","2","-4.13717841069047","-0.0122851476539963","6","3567763","1.6817260563552e-06","0.5","5231540","9.55741521616962e-08","-3.52155223574663","-0.0138333596066281","6","3567763","1.6817260563552e-06","0.5","3414346.6","1.46440903217031e-07","FALSE","FALSE","K356H","-3.82936532321855","-0.0130592536303122"
"352","K","356","N","G","C","1068","missense_variant","AAG","AAC","AAC","1","-2.13717841069047","-0.00265810347955262","6","3567763","1.6817260563552e-06","2","5231540","3.82296608646785e-07","1.06341026497453","0.00823645865967711","6","3567763","1.6817260563552e-06","12","3414346.6","3.51458167720875e-06","FALSE","FALSE","K356N","-0.536884072857972","0.00278917759006224"
"353","K","356","Q","A","C","1066","missense_variant","AAG","CAG","CAG","1","-1.55221590996932","0.000157626437865187","1","3567763","2.802876760592e-07","0.5","5231540","9.55741521616962e-08","-0.936589735025469","-0.00139058551476657","1","3567763","2.802876760592e-07","0.5","3414346.6","1.46440903217031e-07","FALSE","FALSE","K356Q","-1.24440282249739","-0.000616479538450693"
"354","K","357","R","A","G","1070","missense_variant","AAA","AGA","AGA","1","0.70593840599092","0.0110273021140951","5","3555715","1.40618694130435e-06","12","5231540","2.29377965188071e-06","-0.687771318154761","-0.000192892569451849","5","3555715","1.40618694130435e-06","3","3436513","8.72977928499034e-07","FALSE","FALSE","K357R","0.00908354391807958","0.00541720477232164"
"355","K","378","A","AAG","GCT","1132","missense_variant","AAG","GCT","GCG","2","-2.41959247609294","-0.0040175098211095","40","3555715","1.12494955304348e-05","11","5231540","2.10263134755732e-06","-6.27273381887592","-0.0270762329229789","40","3555715","1.12494955304348e-05","0.5","3436513","1.45496321416506e-07","FALSE","FALSE","K378A","-4.34616314748443","-0.0155468713720442"
"356","K","378","C","AAG","TGC","1132","missense_variant","AAG","TGC","TGC","3","-0.495695455178731","0.00524321098260135","92","3555715","2.58738397200001e-05","96","5231540","1.83502372150457e-05","-2.88940517932441","-0.0107905057881675","92","3555715","2.58738397200001e-05","12","3436513","3.49191171399613e-06","FALSE","FALSE","K378C","-1.69255031725157","-0.00277364740278306"
"357","K","378","D","AAG","GAT","1132","missense_variant","AAG","GAT","GAT","2","-7.25753571798397","-0.0273050564726776","52","3555715","1.46243441895652e-05","0.5","5231540","9.55741521616962e-08","-1.48132044068733","-0.0040126587980579","52","3555715","1.46243441895652e-05","18","3436513","5.2378675709942e-06","FALSE","FALSE","K378D","-4.36942807933565","-0.0156588576353678"
"358","K","378","E","A","G","1132","missense_variant","AAG","GAG","GAG","1","-2.55709599984287","-0.00467938606975064","12","3555715","3.37484865913044e-06","3","5231540","5.73444912970177e-07","0.0491942760114457","0.00335450759558975","12","3555715","3.37484865913044e-06","12","3436513","3.49191171399613e-06","FALSE","FALSE","K378E","-1.25395086191571","-0.000662439237080445"
"359","K","378","F","AAG","TTC","1132","missense_variant","AAG","TTC","TTC","3","-0.557095999842874","0.00494765810469304","18","3555715","5.06227298869566e-06","18","5231540","3.44066947782106e-06","-5.12073072543087","-0.0215310405881332","18","3555715","5.06227298869566e-06","0.5","3436513","1.45496321416506e-07","FALSE","FALSE","K378F","-2.83891336263687","-0.0082916912417201"
"360","K","378","G","AAG","GGT","1132","missense_variant","AAG","GGT","GGG","2","-0.178584376589144","0.00676963216349506","10","3555715","2.8123738826087e-06","13","5231540","2.4849279562041e-06","-0.102808817433604","0.00262283734796596","10","3555715","2.8123738826087e-06","9","3436513","2.6189337854971e-06","FALSE","FALSE","K378G","-0.140696597011374","0.00469623475573051"
"361","K","378","I","AG","TC","1133","missense_variant","AAG","ATC","ATC","2","-0.879024094730236","0.00339805010945547","5","3555715","1.40618694130435e-06","4","5231540","7.64593217293569e-07","-3.27273381887592","-0.0126356666613133","5","3555715","1.40618694130435e-06","0.5","3436513","1.45496321416506e-07","FALSE","FALSE","K378I","-2.07587895680308","-0.00461880827592893"
"362","K","378","L","AA","CT","1132","missense_variant","AAG","CTG","CTG","2","-1.64455884109321","-0.000286868300698488","17","3555715","4.78103560043479e-06","8","5231540","1.52918643458714e-06","-5.03826856523889","-0.0211341071586891","17","3555715","4.78103560043479e-06","0.5","3436513","1.45496321416506e-07","FALSE","FALSE","K378L","-3.34141370316605","-0.0107104877296938"
"363","K","378","M","A","T","1133","missense_variant","AAG","ATG","ATG","1","-0.737668245484695","0.00407846961195689","17","3555715","4.78103560043479e-06","15","5231540","2.86722456485089e-06","-0.868343563796581","-0.001062081062188","17","3555715","4.78103560043479e-06","9","3436513","2.6189337854971e-06","FALSE","FALSE","K378M","-0.803005904640638","0.00150819427488444"
"364","K","378","N","G","C","1134","missense_variant","AAG","AAC","AAC","1","-0.557095999842874","0.00494765810469304","2","3555715","5.6247477652174e-07","2","5231540","3.82296608646785e-07","3.04919427601145","0.0177950738572553","2","3555715","5.6247477652174e-07","16","3436513","4.65588228532818e-06","FALSE","FALSE","K378N","1.24604913808429","0.0113713659809742"
"365","K","378","P","AAG","CCT","1132","missense_variant","AAG","CCT","CCG","2","-2.55709599984287","-0.00467938606975064","2","3555715","5.6247477652174e-07","0.5","5231540","9.55741521616962e-08","2.95608487161996","0.0173468896826888","2","3555715","5.6247477652174e-07","15","3436513","4.36488964249517e-06","FALSE","FALSE","K378P","0.199494435888545","0.00633375180646909"
"366","K","378","Q","A","C","1132","missense_variant","AAG","CAG","CAG","1","-5.14205850056403","-0.0171221601616121","12","3555715","3.37484865913044e-06","0.5","5231540","9.55741521616962e-08","2.27158669734789","0.0140520426021672","12","3555715","3.37484865913044e-06","56","3436513","1.62955879986486e-05","FALSE","FALSE","K378Q","-1.43523590160807","-0.00153505877972248"
"367","K","378","R","AG","GA","1133","missense_variant","AAG","AGA","AGG","1","0.220511578820678","0.00869068935978115","7","3555715","1.96866171782609e-06","12","5231540","2.29377965188071e-06","-3.75816064604616","-0.0149722794156273","7","3555715","1.96866171782609e-06","0.5","3436513","1.45496321416506e-07","FALSE","FALSE","K378R","-1.76882453361274","-0.00314079502792309"
"368","K","378","S","AG","GC","1133","missense_variant","AAG","AGC","AGC","2","-5.80502351328646","-0.0203133568934069","19","3555715","5.34351037695653e-06","0.5","5231540","9.55741521616962e-08","-5.19873323743214","-0.0219065074025101","19","3555715","5.34351037695653e-06","0.5","3436513","1.45496321416506e-07","FALSE","FALSE","K378S","-5.5018783753593","-0.0211099321479585"
"369","K","378","V","AA","GT","1132","missense_variant","AAG","GTG","GTG","2","0.103417533885459","0.00812705458820332","31","3555715","8.71835903608698e-06","49","5231540","9.36626691184623e-06","-2.90500203437543","-0.0108655815944467","31","3555715","8.71835903608698e-06","4","3436513","1.16397057133205e-06","FALSE","FALSE","K378V","-1.40079225024499","-0.00136926350312171"
"370","K","378","W","AA","TG","1132","missense_variant","AAG","TGG","TGG","2","-4.55709599984287","-0.0143064302441943","8","3555715","2.24989910608696e-06","0.5","5231540","9.55741521616962e-08","0.85654919806905","0.0072407283451413","8","3555715","2.24989910608696e-06","14","3436513","4.07389699966216e-06","FALSE","FALSE","K378W","-1.85027340088691","-0.00353285094952651"
"371","L","323","A","CTC","GCT","967","missense_variant","CTC","GCT","GCC","2","1.46978527314651","0.0147040958804038","782","1718482.8","0.000455052561480394","3202","2540448","0.0012604076131454","0.394614534926425","0.0050171956412509","782","1718482.8","0.000455052561480394","989","1653270.5","0.000598208218195389","FALSE","FALSE","L323A","0.932199904036467","0.00986064576082733"
"372","L","323","C","CT","TG","967","missense_variant","CTC","TGC","TGC","2","0.764963245971081","0.0113114194850344","1113","1718482.8","0.000647664323436929","2796","2540448","0.00110059328118505","-1.20023911121301","-0.00265966761032758","1113","1718482.8","0.000647664323436929","466","1653270.5","0.00028186555073716","FALSE","FALSE","L323C","-0.217637932620966","0.00432587593735339"
"373","L","323","C","CTC","TGC","967","missense_variant","CTC","TGC","TGC","2","-3.14891002278355","-0.00752809594070321","3","1718482.8","1.7457259391831e-06","0.5","2540448","1.96815679754122e-07","-2.52914987924649","-0.00905640894420366","3","1718482.8","1.7457259391831e-06","0.5","1653270.5","3.02430848430429e-07","FALSE","FALSE","L323C","-2.83902995101502","-0.00829225244245344"
"374","L","323","D","CTC","GAT","967","missense_variant","CTC","GAT","GAC","2","-2.94489613076196","-0.00654607056535718","474","1718482.8","0.000275824698390929","91","2540448","3.58204537152502e-05","-1.38998713157486","-0.00357302389734597","474","1718482.8","0.000275824698390929","174","1653270.5","0.000105245935253789","FALSE","FALSE","L323D","-2.16744163116841","-0.00505954723135158"
"375","L","323","E","CTC","GAG","967","missense_variant","CTC","GAG","GAG","3","-10.5890870843409","-0.0433415525593508","521","1718482.8","0.000303174404771465","0.5","2540448","1.96815679754122e-07","-1.60300472655803","-0.00459838879576429","521","1718482.8","0.000303174404771465","165","1653270.5","9.98021799820417e-05","FALSE","FALSE","L323E","-6.09604590544946","-0.0239699706775576"
"376","L","323","F","C","T","967","missense_variant","CTC","TTC","TTC","1","-0.620243020272902","0.00464369852711085","601","1718482.8","0.000349727096483014","578","2540448","0.000227518925795765","0.164441443648106","0.00390925238249858","601","1718482.8","0.000349727096483014","648","1653270.5","0.000391950379565836","FALSE","FALSE","L323F","-0.227900788312398","0.00427647545480471"
"377","L","323","G","CTC","GGT","967","missense_variant","CTC","GGT","GGC","2","-0.785045175494224","0.00385041971293126","1485","1718482.8","0.000864134339895633","1274","2540448","0.000501486352013503","-2.47481004501958","-0.00879484295193647","1485","1718482.8","0.000864134339895633","257","1653270.5","0.000155449456093241","FALSE","FALSE","L323G","-1.6299276102569","-0.00247221161950261"
"378","L","323","H","T","A","968","missense_variant","CTC","CAC","CAC","1","-3.56552855788188","-0.009533498461345","913","1718482.8","0.000531282594158056","114","2540448","4.48739749839398e-05","-0.613751501833868","0.000163403451300875","913","1718482.8","0.000531282594158056","574","1653270.5","0.000347190613998133","FALSE","FALSE","L323H","-2.08964002985787","-0.00468504750502206"
"379","L","323","I","C","A","967","missense_variant","CTC","ATC","ATC","1","-0.012669323196007","0.00756826793760552","3221","1718482.8","0.00187432775003625","4720","2540448","0.00185794001687891","-0.934811948390606","-0.0013820280995333","3221","1718482.8","0.00187432775003625","1621","1653270.5","0.000980480810611452","FALSE","FALSE","L323I","-0.473740635793307","0.00309311991903611"
"380","L","323","K","CTC","AAG","967","missense_variant","CTC","AAG","AAG","3","-8.43122626177206","-0.032954641828765","467","1718482.8","0.000271751337866169","2","2540448","7.87262719016488e-07","-1.811466118235","-0.00560182230893439","467","1718482.8","0.000271751337866169","128","1653270.5","7.74222971981899e-05","FALSE","FALSE","L323K","-5.12134619000353","-0.0192782320688497"
"381","L","323","M","CTC","ATG","967","missense_variant","CTC","ATG","ATG","2","0.319676944772026","0.0091680240390754","1071","1718482.8","0.000623224160288366","1976","2540448","0.000777815566388291","-2.39422029916038","-0.00840692243023961","1071","1718482.8","0.000623224160288366","196","1653270.5","0.000118552892584728","FALSE","FALSE","L323M","-1.03727167719418","0.000380550804417895"
"382","L","323","N","CT","AA","967","missense_variant","CTC","AAC","AAC","2","-2.74451976770422","-0.00558155451602156","612","1718482.8","0.000356128091593352","135","2540448","5.3140233533613e-05","-4.34359422609041","-0.0177902768837717","612","1718482.8","0.000356128091593352","29","1653270.5","1.75409892089649e-05","FALSE","FALSE","L323N","-3.54405699689731","-0.0116859156998966"
"383","L","323","P","TC","CT","968","missense_variant","CTC","CCT","CCC","1","-0.0709075107822789","0.00728793713533923","81","1718482.8","4.71346003579436e-05","114","2540448","4.48739749839398e-05","-7.28403738140996","-0.0319441649581226","81","1718482.8","4.71346003579436e-05","0.5","1653270.5","3.02430848430429e-07","FALSE","FALSE","L323P","-3.67747244609612","-0.0123281139113917"
"384","L","323","Q","TC","AG","968","missense_variant","CTC","CAG","CAG","2","0.857316551581336","0.0117559641614173","289","1718482.8","0.000168171598807972","774","2540448","0.000304670672259381","-2.21222246541749","-0.00753087183769169","289","1718482.8","0.000168171598807972","60","1653270.5","3.62917018116515e-05","FALSE","FALSE","L323Q","-0.677452956918079","0.00211254616186279"
"385","L","323","R","CTC","AGA","967","missense_variant","CTC","AGA","CGC","1","-7.60834164142085","-0.0289936685334693","396","1718482.8","0.000230435823972169","3","2540448","1.18089407852473e-06","-9.57354399860494","-0.0429647556288312","396","1718482.8","0.000230435823972169","0.5","1653270.5","3.02430848430429e-07","FALSE","FALSE","L323R","-8.5909428200129","-0.0359792120811503"
"386","L","323","S","CT","AG","967","missense_variant","CTC","AGC","AGC","2","-0.301692740695502","0.00617704733374736","617","1718482.8","0.000359037634825324","740","2540448","0.000291287206036101","-1.09957189162556","-0.00217510372538418","617","1718482.8","0.000359037634825324","277","1653270.5","0.000167546690030458","FALSE","FALSE","L323S","-0.700632316160532","0.00200097180418159"
"387","L","323","T","CT","AC","967","missense_variant","CTC","ACC","ACC","2","-1.28729350693947","0.00143283627624923","246","1718482.8","0.000143149527013014","149","2540448","5.86510725667284e-05","-8.88670188386457","-0.0396586259390943","246","1718482.8","0.000143149527013014","0.5","1653270.5","3.02430848430429e-07","FALSE","FALSE","L323T","-5.08699769540202","-0.0191128948314225"
"388","L","323","V","CTC","GTG","967","missense_variant","CTC","GTG","GTC","1","0.422762860423423","0.00966423037094488","927","1718482.8","0.000539429315207577","1837","2540448","0.000723100807416645","-0.666186586929938","-8.89939889544174e-05","927","1718482.8","0.000539429315207577","562","1653270.5","0.000339932273635802","FALSE","FALSE","L323V","-0.121711863253258","0.00478761819099523"
"389","L","323","W","CTC","TGG","967","missense_variant","CTC","TGG","TGG","3","-8.99857574969912","-0.0356855911200759","173","1718482.8","0.000100670195826225","0.5","2540448","1.96815679754122e-07","-0.459952368887463","0.000903718974733959","173","1718482.8","0.000100670195826225","121","1653270.5","7.31882653201639e-05","FALSE","FALSE","L323W","-4.72926405929329","-0.017390936072671"
"390","L","323","Y","CT","TA","967","missense_variant","CTC","TAC","TAC","2","1.5272003659958","0.0149804646979737","69","1718482.8","4.01516966012113e-05","294","2540448","0.000115727619695424","-0.626447080601404","0.000102293002493271","69","1718482.8","4.01516966012113e-05","43","1653270.5","2.60090529650169e-05","FALSE","FALSE","L323Y","0.450376642697198","0.00754137885023349"
"391","L","324","A","CTG","GCT","970","missense_variant","CTG","GCT","GCG","2","0.872073637267655","0.0118269977193114","400","1776413","0.000225172862391797","1047","2540448","0.000412132033405132","-0.161227896810251","0.00234163581907131","400","1776413","0.000225172862391797","326","1618959.5","0.00020136390070289","FALSE","FALSE","L324A","0.355422870228702","0.00708431676919135"
"392","L","324","C","CTG","TGC","970","missense_variant","CTG","TGC","TGC","3","0.377893404423358","0.00944825025344694","120","1776413","6.75518587175392e-05","223","2540448","8.77797931703385e-05","1.5976969499321","0.0108082594186289","120","1776413","6.75518587175392e-05","331","1618959.5","0.000204452304087903","FALSE","FALSE","L324C","0.987795177177727","0.0101282548360379"
"393","L","324","D","CTG","GAT","970","missense_variant","CTG","GAT","GAT","3","-1.79295610524725","-0.00100118180938725","315","1776413","0.00017732362913354","130","2540448","5.11720767360717e-05","-2.77299045687512","-0.01023014095038","315","1776413","0.00017732362913354","42","1618959.5","2.59425884341146e-05","FALSE","FALSE","L324D","-2.28297328106119","-0.00561566137988363"
"394","L","324","E","CT","GA","970","missense_variant","CTG","GAG","GAG","2","1.10168318284127","0.012932228338367","695","1776413","0.000391237848405748","2133","2540448","0.000839615689831085","-0.634543686905978","6.33198092146666e-05","695","1776413","0.000391237848405748","408","1618959.5","0.000252013716217114","FALSE","FALSE","L324E","0.233569747967648","0.00649777407379082"
"395","L","324","F","CTG","TTC","970","missense_variant","CTG","TTC","TTC","2","0.182551828215088","0.0085079692618157","1504","1776413","0.000846649962593158","2441","2540448","0.000960854148559624","-1.12606796405261","-0.00230264315523642","1504","1776413","0.000846649962593158","628","1618959.5","0.000387903465157714","FALSE","FALSE","L324F","-0.471758067918763","0.00310266305328964"
"396","L","324","G","CTG","GGT","970","missense_variant","CTG","GGT","GGG","2","1.2499592829075","0.0136459586210429","157","1776413","8.83803484887805e-05","534","2540448","0.000210199145977402","0.607463714618696","0.00604174986894669","157","1776413","8.83803484887805e-05","218","1618959.5","0.000134654387586595","FALSE","FALSE","L324G","0.928711498763097","0.00984385424499478"
"397","L","324","H","TG","AC","971","missense_variant","CTG","CAC","CAC","2","1.74527065306388","0.0160301508413427","292","1776413","0.000164376189546012","1400","2540448","0.000551083903311542","1.10646690861028","0.00844371276481945","292","1776413","0.000164376189546012","573","1618959.5","0.000353931027922564","FALSE","FALSE","L324H","1.42586878083708","0.0122369318030811"
"398","L","324","I","CTG","ATC","970","missense_variant","CTG","ATC","ATC","2","-1.64434988943412","-0.000285862507272291","2234","1776413","0.00125759043645819","1022","2540448","0.000402291249417426","-1.69459712487063","-0.00503927082806363","2234","1776413","0.00125759043645819","629","1618959.5","0.000388521145834717","FALSE","FALSE","L324I","-1.66947350715238","-0.00266256666766796"
"399","L","324","K","CT","AA","970","missense_variant","CTG","AAG","AAG","2","1.24099626738955","0.0136028149478791","384","1776413","0.000216165947896126","1298","2540448","0.000510933504641701","-8.45106236198776","-0.0375616654784735","384","1776413","0.000216165947896126","1","1618959.5","6.17680677002729e-07","FALSE","FALSE","L324K","-3.6050330472991","-0.0119794252652972"
"400","L","324","M","C","A","970","missense_variant","CTG","ATG","ATG","1","-0.372496660999405","0.00583623109950262","1070","1776413","0.000602337406898058","1182","2540448","0.000465272266938745","0.599935611591038","0.00600551317874818","1070","1776413","0.000602337406898058","1478","1618959.5","0.000912932040610034","FALSE","FALSE","L324M","0.113719475295816","0.0059208721391254"
"401","L","324","N","CTG","AAC","970","missense_variant","CTG","AAC","AAC","3","1.16300817133932","0.0132274175250009","1028","1776413","0.000578694256346919","3292","2540448","0.00129583443550114","-0.781611990796193","-0.000644596719891138","1028","1776413","0.000578694256346919","545","1618959.5","0.000336635968966487","FALSE","FALSE","L324N","0.190698090271563","0.0062914104025549"
"402","L","324","P","TG","CT","971","missense_variant","CTG","CCT","CCG","1","0.69881686139033","0.0109930224018651","277","1776413","0.00015593220720632","643","2540448","0.000253104964163801","-2.48798893098612","-0.00885827981062136","277","1776413","0.00015593220720632","45","1618959.5","2.77956304651228e-05","FALSE","FALSE","L324P","-0.894586034797893","0.00106737129562184"
"403","L","324","Q","T","A","971","missense_variant","CTG","CAG","CAG","1","-1.78737968385372","-0.000974339581841817","1301","1776413","0.000732374734929321","539","2540448","0.000212167302774944","-2.76856161213567","-0.0102088226084058","1301","1776413","0.000732374734929321","174","1618959.5","0.000107476437798475","FALSE","FALSE","L324Q","-2.27797064799469","-0.0055915810951238"
"404","L","324","R","CTG","AGA","970","missense_variant","CTG","AGA","CGG","1","-3.65201349753055","-0.00994979562855593","1257","1776413","0.000707605720066223","143","2540448","5.62892844096789e-05","-2.29768265103283","-0.00794223632872919","1257","1776413","0.000707605720066223","233","1618959.5","0.000143919597741636","FALSE","FALSE","L324R","-2.97484807428169","-0.00894601597864256"
"405","L","324","S","CTG","AGC","970","missense_variant","CTG","AGC","TCG","2","0.464900996743998","0.00986706322083834","153","1776413","8.61286198648625e-05","302","2540448","0.00011887667057149","1.91543128533305","0.0123376806599501","153","1776413","8.61286198648625e-05","526","1618959.5","0.000324900036103436","FALSE","FALSE","L324S","1.19016614103852","0.0111023719403942"
"406","L","324","T","CTG","ACC","970","missense_variant","CTG","ACC","ACG","2","-0.107177242883191","0.00711335197877387","1126","1776413","0.00063386160763291","1495","2540448","0.000588478882464825","-1.73162794544246","-0.00521751950079408","1126","1776413","0.00063386160763291","309","1618959.5","0.000190863329193843","FALSE","FALSE","L324T","-0.919402594162825","0.000947916238989896"
"407","L","324","V","C","G","970","missense_variant","CTG","GTG","GTG","1","1.25296459065021","0.0136604247362413","502","1776413","0.000282591942301706","1711","2540448","0.000673503256118606","1.45006896433207","0.0100976488492511","502","1776413","0.000282591942301706","1250","1618959.5","0.000772100846253411","FALSE","FALSE","L324V","1.35151677749114","0.0118790367927462"
"408","L","324","W","CT","TG","970","missense_variant","CTG","TGG","TGG","2","-0.43517516882864","0.0055345267176725","1265","1776413","0.000712109177314059","1338","2540448","0.000526678759022031","-0.572969030686676","0.000359710776939368","1265","1776413","0.000712109177314059","775","1618959.5","0.000478702524677115","FALSE","FALSE","L324W","-0.504072099757658","0.00294711874730593"
"409","L","324","W","CTG","TGG","970","missense_variant","CTG","TGG","TGG","2","-1.51611589988843","0.000331394633738477","1","1776413","5.62932155979494e-07","0.5","2540448","1.96815679754122e-07","-0.866099861266604","-0.0010512809505028","1","1776413","5.62932155979494e-07","0.5","1618959.5","3.08840338501365e-07","FALSE","FALSE","L324W","-1.19110788057752","-0.00035994315838216"
"410","L","324","Y","CTG","TAC","970","missense_variant","CTG","TAC","TAC","3","-0.501632503995195","0.00521463286699038","1784","1776413","0.00100427096626742","1802","2540448","0.000709323709833856","-1.32270385327109","-0.00324915435113007","1784","1776413","0.00100427096626742","650","1618959.5","0.000401492440051774","FALSE","FALSE","L324Y","-0.912168178633143","0.000982739257930158"
"411","L","327","A","CTG","GCT","979","missense_variant","CTG","GCT","GCG","2","-2.08699833731801","-0.00241656058803585","1563","1811217","0.000862955681180113","516","2540448","0.000203113781506254","-2.37479182793956","-0.00831340305489725","1563","1811217","0.000862955681180113","284","1706921","0.0001663814552636","FALSE","FALSE","L327A","-2.23089508262879","-0.00536498182146655"
"412","L","327","C","CTG","TGC","979","missense_variant","CTG","TGC","TGC","3","3.19679921635251","0.023017115640966","302","1811217","0.000166738717668838","3884","2540448","0.00152886420033002","-0.245951028161141","0.0019338191550152","302","1811217","0.000166738717668838","240","1706921","0.000140604046701634","FALSE","FALSE","L327C","1.47542409409569","0.0124754673979906"
"413","L","327","D","CTG","GAT","979","missense_variant","CTG","GAT","GAT","3","-0.212696346083283","0.00660543344489639","908","1811217","0.000501320382924851","1099","2540448","0.00043260086409956","-1.22134911889228","-0.00276128109855317","908","1811217","0.000501320382924851","367","1706921","0.000215007021414582","FALSE","FALSE","L327D","-0.717022732487783","0.00192207617317161"
"414","L","327","E","CT","GA","979","missense_variant","CTG","GAG","GAG","2","-1.5282586419304","0.000272945276719996","1057","1811217","0.000583585511840933","514","2540448","0.000202326518787238","-1.08675243331189","-0.00211339697964508","1057","1811217","0.000583585511840933","469","1706921","0.000274763741262777","FALSE","FALSE","L327E","-1.30750553762115","-0.000920225851462541"
"415","L","327","F","CTG","TTC","979","missense_variant","CTG","TTC","TTC","2","2.14031047404968","0.0179316837449901","158","1811217","8.72341635485974e-05","977","2540448","0.000384577838239555","0.130510521609394","0.00374592513982543","158","1811217","8.72341635485974e-05","163","1706921","9.54935817181932e-05","FALSE","FALSE","L327F","1.13541049782954","0.0108388044424077"
"416","L","327","G","CTG","GGT","979","missense_variant","CTG","GGT","GGG","2","-10.0077597825848","-0.0405433207524428","734","1811217","0.00040525238002956","1","2540448","3.93631359508244e-07","-2.46828885262571","-0.00876345304831352","734","1811217","0.00040525238002956","125","1706921","7.32312743237678e-05","FALSE","FALSE","L327G","-6.23802431760526","-0.0246533869003782"
"417","L","327","H","TG","AC","980","missense_variant","CTG","CAC","CAC","2","-5.92899269735247","-0.0209100852990435","695","1811217","0.000383719896621995","16","2540448","6.29810175213191e-06","-8.35530605205545","-0.0371007403656235","695","1811217","0.000383719896621995","2","1706921","1.17170038918028e-06","FALSE","FALSE","L327H","-7.14214937470396","-0.0290054128323335"
"418","L","327","I","CTG","ATC","979","missense_variant","CTG","ATC","ATC","2","2.55466746773014","0.0199262002860658","191","1811217","0.000105453957201153","1574","2540448","0.000619575759865976","-0.342118592975647","0.00147091445770623","191","1811217","0.000105453957201153","142","1706921","8.31907276318002e-05","FALSE","FALSE","L327I","1.10627443737725","0.010698557371886"
"419","L","327","K","CT","AA","979","missense_variant","CTG","AAG","AAG","2","-10.6276748821404","-0.0435272957763559","564","1811217","0.000311392836970943","0.5","2540448","1.96815679754122e-07","-10.0539882368434","-0.0452773845812704","564","1811217","0.000311392836970943","0.5","1706921","2.92925097295071e-07","FALSE","FALSE","L327K","-10.3408315594919","-0.0444023401788132"
"420","L","327","M","C","A","979","missense_variant","CTG","ATG","ATG","1","-1.14584237289807","0.00211371443422011","1464","1811217","0.000808296300222447","928","2540448","0.000365289901623651","-0.409156783824411","0.00114822464536832","1464","1811217","0.000808296300222447","1039","1706921","0.000608698352179158","FALSE","FALSE","L327M","-0.77749957836124","0.00163096953979421"
"421","L","327","N","CTG","AAC","979","missense_variant","CTG","AAC","AAC","3","0.532028728655027","0.0101901840410572","391","1811217","0.00021587694903482","793","2540448","0.000312149668090038","-0.896105061672324","-0.00119571164538725","391","1811217","0.00021587694903482","198","1706921","0.000115998338528848","FALSE","FALSE","L327N","-0.182038166508648","0.00449723619783497"
"422","L","327","P","TG","CT","980","missense_variant","CTG","CCT","CCG","1","0.890731633230599","0.0119168083949823","323","1811217","0.000178333131811373","840","2540448","0.000330650341986925","0.0447935097531213","0.00333332441000461","323","1811217","0.000178333131811373","314","1706921","0.000183956961101305","FALSE","FALSE","L327P","0.46776257149186","0.00762506640249347"
"423","L","327","Q","T","A","980","missense_variant","CTG","CAG","CAG","1","-1.67071494302007","-0.000412771275039047","429","1811217","0.000236857317483217","189","2540448","7.43963269470582e-05","-2.72853338438124","-0.0100161458499975","429","1811217","0.000236857317483217","61","1706921","3.57368618699987e-05","FALSE","FALSE","L327Q","-2.19962416370066","-0.00521445856251827"
"424","L","327","R","CTG","AGA","979","missense_variant","CTG","AGA","CGG","1","-0.744463283001385","0.0040457615487868","473","1811217","0.000261150375686624","396","2540448","0.000155878018365265","-8.80013325778398","-0.0392419259453949","473","1811217","0.000261150375686624","1","1706921","5.85850194590142e-07","FALSE","FALSE","L327R","-4.77229827039268","-0.0175980821983041"
"425","L","327","S","CTG","AGC","979","missense_variant","CTG","AGC","TCG","2","-2.79184702925137","-0.00580936533480651","1575","1811217","0.000869581060690133","319","2540448","0.00012556840368313","-2.21816038395435","-0.00755945413972099","1575","1811217","0.000869581060690133","319","1706921","0.000186886212074255","FALSE","FALSE","L327S","-2.50500370660286","-0.00668440973726375"
"426","L","327","T","CTG","ACC","979","missense_variant","CTG","ACC","ACG","2","1.21617284996835","0.0134833268798419","2184","1811217","0.00120581907082365","7117","2540448","0.00280147438562017","0.44967371301591","0.00528222421108891","2184","1811217","0.00120581907082365","2811","1706921","0.00164682489699289","FALSE","FALSE","L327T","0.832923281492132","0.00938277554546538"
"427","L","327","V","C","G","979","missense_variant","CTG","GTG","GTG","1","-0.466749878949032","0.00538254115311036","670","1811217","0.000369917022642787","680","2540448","0.000267669324465606","0.808681500444991","0.00701031612536344","670","1811217","0.000369917022642787","1106","1706921","0.000647950315216697","FALSE","FALSE","L327V","0.17096581074798","0.0061964286392369"
"428","L","327","W","CT","TG","979","missense_variant","CTG","TGG","TGG","2","-2.08391983637403","-0.00240174215574645","1203","1811217","0.000664194295879511","398","2540448","0.000156665281084281","-3.35244194527055","-0.013019343488245","1203","1811217","0.000664194295879511","111","1706921","6.50293715995058e-05","FALSE","FALSE","L327W","-2.71818089082229","-0.00771054282199572"
"429","L","327","W","CTG","TGG","979","missense_variant","CTG","TGG","TGG","2","-1.4881235297416","0.000466136525713935","1","1811217","5.52114959168338e-07","0.5","2540448","1.96815679754122e-07","-0.91443688444458","-0.00128395227920054","1","1811217","5.52114959168338e-07","0.5","1706921","2.92925097295071e-07","FALSE","FALSE","L327W","-1.20128020709309","-0.000408907876743305"
"430","L","327","Y","CTG","TAC","979","missense_variant","CTG","TAC","TAC","3","0.706111879106892","0.0110281371307704","510","1811217","0.000281578629175852","1167","2540448","0.000459367796546121","-0.573399966609514","0.000357636457356611","510","1811217","0.000281578629175852","323","1706921","0.000189229612852616","FALSE","FALSE","L327Y","0.066355956248689","0.0056928867940635"
"431","L","340","A","CTG","GCT","1018","missense_variant","CTG","GCT","GCG","2","1.74922866663257","0.0160492028270771","78","1776413","4.39087081664005e-05","375","2540448","0.000147611759815592","2.05283813025546","0.0129990915429196","78","1776413","4.39087081664005e-05","298","1635685.3","0.00018218663455617","FALSE","FALSE","L340A","1.90103339844401","0.0145241471849984"
"432","L","340","C","CTG","TGC","1018","missense_variant","CTG","TGC","TGC","3","-7.15997208966315","-0.0268354317928459","50","1776413","2.81466077989747e-05","0.5","2540448","1.96815679754122e-07","-5.52478436111918","-0.0234759616879412","50","1776413","2.81466077989747e-05","1","1635685.3","6.11364545490505e-07","FALSE","FALSE","L340C","-6.34237822539117","-0.0251556967403935"
"433","L","340","D","CTG","GAT","1018","missense_variant","CTG","GAT","GAT","3","2.92128941241887","0.0216909431144852","48","1776413","2.70207434870157e-05","520","2540448","0.000204688306944287","3.12656636520247","0.0181675061175108","48","1776413","2.70207434870157e-05","386","1635685.3","0.000235986714559335","FALSE","FALSE","L340D","3.02392788881067","0.019929224615998"
"434","L","340","G","CTG","GGT","1018","missense_variant","CTG","GGT","GGG","2","1.84359812791118","0.0165034523133009","309","1776413","0.000173946036197663","1586","2540448","0.000624299336180075","0.218296207558388","0.00416848347808284","309","1776413","0.000173946036197663","331","1635685.3","0.000202361664557357","FALSE","FALSE","L340G","1.03094716773478","0.0103359678956919"
"435","L","340","H","TG","AC","1019","missense_variant","CTG","CAC","CAC","2","4.32518635409251","0.0284486320514145","33","1776413","1.85767611473233e-05","946","2540448","0.000372375266094799","6.24897925376472","0.0331973095220313","33","1776413","1.85767611473233e-05","2311","1635685.3","0.00141286346462856","FALSE","FALSE","L340H","5.28708280392862","0.0308229707867229"
"436","L","340","K","CT","AA","1018","missense_variant","CTG","AAG","AAG","2","2.51644496189573","0.0197422154100029","230","1776413","0.000129474395875284","1882","2540448","0.000740814218594516","1.49516889897597","0.0103147383807918","230","1776413","0.000129474395875284","597","1635685.3","0.000364984633657831","FALSE","FALSE","L340K","2.00580693043585","0.0150284768953973"
"437","L","340","M","C","A","1018","missense_variant","CTG","ATG","ATG","1","-0.544991389285817","0.00500592391496665","1413","1776413","0.000795423136399024","1385","2540448","0.000545179432918918","-0.260665533874033","0.00186299055676364","1413","1776413","0.000795423136399024","1086","1635685.3","0.000663941896402688","FALSE","FALSE","L340M","-0.402828461579925","0.00343445723586515"
"438","L","340","N","CTG","AAC","1018","missense_variant","CTG","AAC","AAC","3","-0.844441765973942","0.00356451291275146","113","1776413","6.36113336256828e-05","90","2540448","3.5426822355742e-05","-0.472288443263762","0.000844339008254033","113","1776413","6.36113336256828e-05","75","1635685.3","4.58523409117879e-05","FALSE","FALSE","L340N","-0.658365104618852","0.00220442596050275"
"439","L","340","P","TG","CT","1019","missense_variant","CTG","CCT","CCG","1","-0.375634676338598","0.00582112619335738","616","1776413","0.000346766208083368","679","2540448","0.000267275693106098","-0.544088367053164","0.000498728489232901","616","1776413","0.000346766208083368","389","1635685.3","0.000237820808195806","FALSE","FALSE","L340P","-0.459861521695881","0.00315992734129514"
"440","L","340","Q","T","A","1019","missense_variant","CTG","CAG","CAG","1","2.330587689645","0.0188475873249532","93","1776413","5.23526905060929e-05","669","2540448","0.000263339379511015","-1.33262414120215","-0.0032969058761978","93","1776413","5.23526905060929e-05","34","1635685.3","2.07863945466772e-05","FALSE","FALSE","L340Q","0.498981774221427","0.00777534072437769"
"441","L","340","R","CTG","AGA","1018","missense_variant","CTG","AGA","CGG","1","0.689578947145928","0.0109485554976098","1018","1776413","0.000573064934787124","2348","2540448","0.000924246432125357","0.462940337273774","0.00534608339997701","1018","1776413","0.000573064934787124","1292","1635685.3","0.000789882992773732","FALSE","FALSE","L340R","0.576259642209851","0.00814731944879339"
"442","L","340","S","CTG","AGC","1018","missense_variant","CTG","AGC","TCG","2","0.225572104520181","0.00871504831200865","61","1776413","3.43388615147491e-05","102","2540448","4.01503986698409e-05","0.902580008758781","0.00746229866908905","61","1776413","3.43388615147491e-05","105","1635685.3","6.4193277276503e-05","FALSE","FALSE","L340S","0.564076056639481","0.00808867349054885"
"443","L","340","T","CTG","ACC","1018","missense_variant","CTG","ACC","ACG","2","0.909490841100603","0.0120071062564034","102","1776413","5.74190799099083e-05","274","2540448","0.000107854992505259","0.685051226009128","0.00641521906871711","102","1776413","5.74190799099083e-05","151","1635685.3","9.23160463690662e-05","FALSE","FALSE","L340T","0.797271033554865","0.00921116266256024"
"444","L","340","V","C","G","1018","missense_variant","CTG","GTG","GTG","1","0.716057542240605","0.0110760107999366","378","1776413","0.000212788354960249","888","2540448","0.000349544647243321","-0.171707567661153","0.00229119169196367","378","1776413","0.000212788354960249","309","1635685.3","0.000188911644556566","FALSE","FALSE","L340V","0.272174987289726","0.00668360124595013"
"445","L","340","W","CT","TG","1018","missense_variant","CTG","TGG","TGG","2","9.10226960237018","0.0514432277794965","1","1776413","5.62932155979494e-07","786","2540448","0.00030939424857348","11.5557833707928","0.0587417283519056","1","1776413","5.62932155979494e-07","2772","1635685.3","0.00169470252009968","FALSE","FALSE","L340W","10.3290264865815","0.055092478065701"
"446","L","340","W","CTG","TGG","1018","missense_variant","CTG","TGG","TGG","2","-7.0079689962181","-0.0261037615452221","90","1776413","5.06638940381544e-05","1","2540448","3.93631359508244e-07","0.546081969600465","0.00574628748354922","90","1776413","5.06638940381544e-05","121","1635685.3","7.39751100043511e-05","FALSE","FALSE","L340W","-3.23094351330882","-0.0101787370308364"
"447","L","341","A","CTG","GCT","1021","missense_variant","CTG","GCT","GCG","2","1.58674956491485","0.0152671060822469","52","1794011.6","2.89853198273634e-05","226","2595799.4","8.706373843834e-05","3.66824001584962","0.0207748641989669","52","1794011.6","2.89853198273634e-05","639","1734093.4","0.000368492262296829","FALSE","FALSE","L341A","2.62749479038224","0.0180209851406069"
"448","L","341","C","CTG","TGC","1021","missense_variant","CTG","TGC","TGC","3","4.39774765820364","0.028797907491431","2","1794011.6","1.11481999336013e-06","61","2595799.4","2.34995046227378e-05","6.94987442102447","0.0365710838904632","2","1794011.6","1.11481999336013e-06","239","1734093.4","0.000137824179481913","FALSE","FALSE","L341C","5.67381103961405","0.0326844956909471"
"449","L","341","E","CT","GA","1021","missense_variant","CTG","GAG","GAG","2","1.23049043332028","0.013552244883542","124","1794011.6","6.91188395883282e-05","421","2595799.4","0.000162185105674961","-0.547636692725072","0.000481648545238519","124","1794011.6","6.91188395883282e-05","82","1734093.4","4.72869569770579e-05","FALSE","FALSE","L341E","0.341426870297602","0.00701694671439025"
"450","L","341","F","CTG","TTC","1021","missense_variant","CTG","TTC","TTC","2","2.26055944317333","0.0185105048138324","45","1794011.6","2.5083449850603e-05","312","2595799.4","0.000120194187578593","1.08071647277106","0.00831976247315174","45","1794011.6","2.5083449850603e-05","92","1734093.4","5.30536590474308e-05","FALSE","FALSE","L341F","1.67063795797219","0.0134151336434921"
"451","L","341","G","CTG","GGT","1021","missense_variant","CTG","GGT","GGG","2","0.261426186990862","0.00888763272989835","128","1794011.6","7.13484795750485e-05","222","2595799.4","8.55227873155376e-05","-0.443197746757584","0.000984367718419191","128","1794011.6","7.13484795750485e-05","91","1734093.4","5.24769888403935e-05","FALSE","FALSE","L341G","-0.090885779883361","0.00493600022415877"
"452","L","341","H","TG","AC","1022","missense_variant","CTG","CAC","CAC","2","2.52590400969432","0.0197877467455055","57","1794011.6","3.17723698107638e-05","475","2595799.4","0.000182987945832794","0.464045112322564","0.00535140125907577","57","1794011.6","3.17723698107638e-05","76","1734093.4","4.38269357348341e-05","FALSE","FALSE","L341H","1.49497456100844","0.0125695740022906"
"453","L","341","I","CTG","ATC","1021","missense_variant","CTG","ATC","ATC","2","0.533218471728642","0.0101959108956201","181","1794011.6","0.000100891209399092","379","2595799.4","0.000146005118885535","-1.66947856051483","-0.00491836206373767","181","1794011.6","0.000100891209399092","55","1734093.4","3.1716861387051e-05","FALSE","FALSE","L341I","-0.568130044393092","0.00263877441594124"
"454","L","341","K","CT","AA","1021","missense_variant","CTG","AAG","AAG","2","-0.443104175842049","0.00549636026728371","140","1794011.6","7.80373995352092e-05","149","2595799.4","5.74004293243923e-05","-8.08027540390125","-0.0357768742660703","140","1794011.6","7.80373995352092e-05","0.5","1734093.4","2.88335103518646e-07","FALSE","FALSE","L341K","-4.26168978987165","-0.0151402569993933"
"455","L","341","M","C","A","1021","missense_variant","CTG","ATG","ATG","1","-0.0737281798237171","0.00727435978260752","771","1794011.6","0.000429763107440331","1060","2595799.4","0.000408352047542657","0.765621372269495","0.00680304524731208","771","1794011.6","0.000429763107440331","1267","1734093.4","0.000730641152316248","FALSE","FALSE","L341M","0.345946596222889","0.0070387025149598"
"456","L","341","N","CTG","AAC","1021","missense_variant","CTG","AAC","AAC","3","-0.118815294100095","0.00705733196218908","418","1794011.6","0.000232997378612268","557","2595799.4","0.000214577443850245","-3.2660340962584","-0.0126034173985157","418","1794011.6","0.000232997378612268","42","1734093.4","2.42201486955662e-05","FALSE","FALSE","L341N","-1.69242469517925","-0.0027730427181633"
"457","L","341","P","TG","CT","1022","missense_variant","CTG","CCT","CCG","1","-1.63641926901465","-0.000247688290717788","159","1794011.6","8.86281894721305e-05","74","2595799.4","2.85075957718459e-05","1.09806843149461","0.0084032865097241","159","1794011.6","8.86281894721305e-05","329","1734093.4","0.000189724498115269","FALSE","FALSE","L341P","-0.269175418760022","0.00407779910950316"
"458","L","341","Q","T","A","1022","missense_variant","CTG","CAG","CAG","1","-5.10933904977569","-0.0169646643625607","167","1794011.6","9.3087469445571e-05","7","2595799.4","2.69666446490434e-06","-1.42780608382181","-0.00375506625930225","167","1794011.6","9.3087469445571e-05","60","1734093.4","3.46002124222375e-05","FALSE","FALSE","L341Q","-3.26857256679875","-0.0103598653109315"
"459","L","341","R","CTG","AGA","1021","missense_variant","CTG","AGA","CGG","1","0.0197324843617039","0.00772423475395047","362","1794011.6","0.000201782418798184","531","2595799.4","0.000204561261552029","-0.750398555898393","-0.000494350161592518","362","1794011.6","0.000201782418798184","208","1734093.4","0.000119947403063757","FALSE","FALSE","L341R","-0.365333035768345","0.00361494229617898"
"460","L","341","S","CTG","AGC","1021","missense_variant","CTG","AGC","TCG","2","1.09862291466073","0.0129174976698871","71","1794011.6","3.95761097642847e-05","220","2595799.4","8.47523117541363e-05","1.28296478601309","0.00929328919604563","71","1794011.6","3.95761097642847e-05","167","1734093.4","9.63039245752276e-05","FALSE","FALSE","L341S","1.19079385033691","0.0111053934329664"
"461","L","341","T","CTG","ACC","1021","missense_variant","CTG","ACC","ACG","2","-2.17684586913397","-0.00284904366691434","100","1794011.6","5.57409996680066e-05","32","2595799.4","1.23276089824198e-05","-5.00988607600985","-0.0209974874198948","100","1794011.6","5.57409996680066e-05","3","1734093.4","1.73001062111187e-06","FALSE","FALSE","L341T","-3.59336597257191","-0.0119232655434046"
"462","L","341","V","C","G","1021","missense_variant","CTG","GTG","GTG","1","-0.323536313730295","0.00607190281248054","352","1794011.6","0.000196208318831383","407","2595799.4","0.000156791776745152","-2.79571416147837","-0.0103395220043912","352","1794011.6","0.000196208318831383","49","1734093.4","2.82568401448273e-05","FALSE","FALSE","L341V","-1.55962523760433","-0.00213380959595535"
"463","L","341","W","CT","TG","1021","missense_variant","CTG","TGG","TGG","2","-6.04078431955794","-0.0214481967416959","91","1794011.6","5.0724309697886e-05","2","2595799.4","7.70475561401239e-07","-7.45878702715498","-0.0327853262376505","91","1794011.6","5.0724309697886e-05","0.5","1734093.4","2.88335103518646e-07","FALSE","FALSE","L341W","-6.74978567335646","-0.0271167614896732"
"464","L","354","M","C","A","1060","missense_variant","CTG","ATG","ATG","1","-0.879959678949434","0.00339354665415191","131","2842727.9","4.60824970268875e-05","131","5231540","2.50404278663644e-05","-0.0442941567465503","0.00290449895960939","131","2842727.9","4.60824970268875e-05","119","2662838.5","4.4689154073745e-05","FALSE","FALSE","L354M","-0.462126917847992","0.00314902280688065"
"465","L","354","Q","T","A","1061","missense_variant","CTG","CAG","CAG","1","-1.87995967894943","-0.00141997543306993","14","2842727.9","4.92484701050706e-06","7","5231540","1.33803813026375e-06","0.193846755033871","0.00405079549833559","14","2842727.9","4.92484701050706e-06","15","2662838.5","5.63308664795105e-06","FALSE","FALSE","L354Q","-0.843056461957782","0.00131541003263283"
"466","L","354","V","C","G","1060","missense_variant","CTG","GTG","GTG","1","0.441968415937928","0.00975667673661132","2","2842727.9","7.03549572929579e-07","5","5231540","9.55741521616962e-07","1.67927358220411","0.0112009303398714","2","2842727.9","7.03549572929579e-07","6","2662838.5","2.25323465918042e-06","FALSE","FALSE","L354V","1.06062099907102","0.0104788035382414"
"467","L","364","A","CT","GC","1090","missense_variant","CTT","GCT","GCT","2","-1.70902873972458","-0.000597195581721526","40","3555888.4","1.12489469579529e-05","18","5231540","3.44066947782106e-06","-1.36577286970405","-0.00345646801300505","40","3555888.4","1.12489469579529e-05","15","3436513","4.36488964249517e-06","FALSE","FALSE","L364A","-1.53740080471432","-0.00202683179736329"
"468","L","364","C","CTT","TGC","1090","missense_variant","CTT","TGC","TGT","2","0.216203491873448","0.00866995228810698","165","3555888.4","4.64019062015557e-05","282","5231540","5.39038218191966e-05","0.509490902619889","0.0055701555744432","165","3555888.4","4.64019062015557e-05","227","3436513","6.60553299230936e-05","FALSE","FALSE","L364C","0.362847197246668","0.00712005393127509"
"469","L","364","D","CT","GA","1090","missense_variant","CTT","GAT","GAT","2","-1.13433457445725","0.00216910747619028","94","3555888.4","2.64350253511893e-05","63","5231540","1.20423431723737e-05","-2.92036172138169","-0.0109395157871042","94","3555888.4","2.64350253511893e-05","12","3436513","3.49191171399613e-06","FALSE","FALSE","L364D","-2.02734814791947","-0.00438520415545696"
"470","L","364","E","CTT","GAG","1090","missense_variant","CTT","GAG","GAG","3","-3.7896864030698","-0.0106124872001812","47","3555888.4","1.32175126755947e-05","5","5231540","9.55741521616962e-07","-5.50532422210285","-0.0233822898789657","47","3555888.4","1.32175126755947e-05","1","3436513","2.90992642833011e-07","FALSE","FALSE","L364E","-4.64750531258633","-0.0169973885395734"
"471","L","364","F","CTT","TTC","1090","missense_variant","CTT","TTC","TTT","1","-6.87895374116689","-0.0254827437654445","40","3555888.4","1.12489469579529e-05","0.5","5231540","9.55741521616962e-08","-6.27266346531257","-0.0270758942745478","40","3555888.4","1.12489469579529e-05","0.5","3436513","1.45496321416506e-07","FALSE","FALSE","L364F","-6.57580860323973","-0.0262793190199962"
"472","L","364","G","CT","GG","1090","missense_variant","CTT","GGT","GGT","2","-7.17173549039474","-0.0268920551820882","49","3555888.4","1.37799600234923e-05","0.5","5231540","9.55741521616962e-08","-3.24351711965306","-0.0124950314342884","49","3555888.4","1.37799600234923e-05","5","3436513","1.45496321416506e-06","FALSE","FALSE","L364G","-5.2076263050239","-0.0196935433081883"
"473","L","364","H","TT","AC","1091","missense_variant","CTT","CAC","CAT","1","-2.14198814700069","-0.00268125525151554","45","3555888.4","1.2655065327697e-05","15","5231540","2.86722456485089e-06","-5.44258846675489","-0.0230803099349397","45","3555888.4","1.2655065327697e-05","1","3436513","2.90992642833011e-07","FALSE","FALSE","L364H","-3.79228830687779","-0.0128807825932276"
"474","L","364","I","CTT","ATC","1090","missense_variant","CTT","ATC","ATT","1","-5.36438056833713","-0.0181923123453148","14","3555888.4","3.93713143528351e-06","0.5","5231540","9.55741521616962e-08","4.13065295641545","0.0230006991017977","14","3555888.4","3.93713143528351e-06","237","3436513","6.89652563514237e-05","FALSE","FALSE","L364I","-0.616863805960845","0.00240419337824145"
"475","L","364","K","CTT","AAG","1090","missense_variant","CTT","AAG","AAG","3","-2.14198814700069","-0.00268125525151554","99","3555888.4","2.78411437209334e-05","33","5231540","6.30789404267195e-06","-2.99512948978366","-0.0112994120917194","99","3555888.4","2.78411437209334e-05","12","3436513","3.49191171399613e-06","FALSE","FALSE","L364K","-2.56855881839217","-0.00699033367161746"
"476","L","364","M","CTT","ATG","1090","missense_variant","CTT","ATG","ATG","2","1.82763820395579","0.0164266288668313","9","3555888.4","2.5310130655394e-06","47","5231540","8.98397030319944e-06","3.86802431490464","0.0217365303351484","9","3555888.4","2.5310130655394e-06","127","3436513","3.69560656397924e-05","FALSE","FALSE","L364M","2.84783125943022","0.0190815796009899"
"477","L","364","N","CTT","AAC","1090","missense_variant","CTT","AAC","AAT","2","-2.09307854651974","-0.00244582780932331","58","3555888.4","1.63109730890317e-05","20","5231540","3.82296608646785e-06","-1.34928474691549","-0.00337710206978545","58","3555888.4","1.63109730890317e-05","22","3436513","6.40183814232625e-06","FALSE","FALSE","L364N","-1.72118164671761","-0.00291146493955438"
"478","L","364","P","T","C","1091","missense_variant","CTT","CCT","CCT","1","-0.25301945938943","0.0064113372483717","81","3555888.4","2.27791175898546e-05","100","5231540","1.91148304323392e-05","-0.0811320076808852","0.00272717915049118","81","3555888.4","2.27791175898546e-05","74","3436513","2.15334555696428e-05","FALSE","FALSE","L364P","-0.167075733535158","0.00456925819943144"
"479","L","364","Q","TT","AG","1091","missense_variant","CTT","CAG","CAG","2","-0.1785140230258","0.00676997081192613","20","3555888.4","5.62447347897645e-06","26","5231540","4.9698559124082e-06","1.37119272446215","0.00971797632648023","20","3555888.4","5.62447347897645e-06","50","3436513","1.45496321416506e-05","FALSE","FALSE","L364Q","0.596339350718176","0.00824397356920318"
"480","L","364","R","CTT","AGA","1090","missense_variant","CTT","AGA","CGT","1","-1.6350281582808","-0.000240992148474647","38","3555888.4","1.06864996100553e-05","18","5231540","3.44066947782106e-06","-6.1986628838688","-0.0267196908413009","38","3555888.4","1.06864996100553e-05","0.5","3436513","1.45496321416506e-07","FALSE","FALSE","L364R","-3.9168455210748","-0.0134803414948878"
"481","L","364","S","CTT","AGC","1090","missense_variant","CTT","AGC","AGT","2","-5.59264955601025","-0.0192910901593071","164","3555888.4","4.61206825276069e-05","5","5231540","9.55741521616962e-07","-8.30828737504329","-0.0368744149253135","164","3555888.4","4.61206825276069e-05","0.5","3436513","1.45496321416506e-07","FALSE","FALSE","L364S","-6.95046846552677","-0.0280827525423103"
"482","L","364","T","CTT","ACC","1090","missense_variant","CTT","ACC","ACT","2","1.24407028530639","0.0136176118010183","33","3555888.4","9.28038124031114e-06","115","5231540","2.19820549971901e-05","1.43113526491843","0.0100065110689307","33","3555888.4","9.28038124031114e-06","86","3436513","2.5025367283639e-05","FALSE","FALSE","L364T","1.33760277511241","0.0118120614349745"
"483","L","364","V","CTT","GTG","1090","missense_variant","CTT","GTG","GTT","1","-0.331959090644757","0.00603135958976704","77","3555888.4","2.16542228940593e-05","90","5231540","1.72033473891053e-05","-7.21752191112011","-0.0316239912727405","77","3555888.4","2.16542228940593e-05","0.5","3436513","1.45496321416506e-07","FALSE","FALSE","L364V","-3.77474050088243","-0.0127963158414867"
"484","L","364","W","CTT","TGG","1090","missense_variant","CTT","TGG","TGG","3","-2.12639129194967","-0.00260617944523626","92","3555888.4","2.58725780032917e-05","31","5231540","5.92559743402516e-06","-0.474297326482223","0.000834669204511323","92","3555888.4","2.58725780032917e-05","64","3436513","1.86235291413127e-05","FALSE","FALSE","L364W","-1.30034430921595","-0.000885755120362471"
"485","L","364","Y","CTT","TAC","1090","missense_variant","CTT","TAC","TAT","2","-0.856585928138438","0.00350605671994186","16","3555888.4","4.49957878318116e-06","13","5231540","2.4849279562041e-06","1.80415213173826","0.0118020359962742","16","3555888.4","4.49957878318116e-06","54","3436513","1.57136027129826e-05","FALSE","FALSE","L364Y","0.47378310179991","0.00765404635810805"
"486","L","370","A","CTG","GCT","1108","missense_variant","CTG","GCT","GCG","2","-5.94926947332752","-0.021007688008057","21","3556069.8","5.90539589520993e-06","0.5","5231540","9.55741521616962e-08","-1.17305419603089","-0.00252881242065916","21","3556069.8","5.90539589520993e-06","9","3436513","2.6189337854971e-06","FALSE","FALSE","L370A","-3.5611618346792","-0.0117682502143581"
"487","L","370","C","CTG","TGC","1108","missense_variant","CTG","TGC","TGC","3","0.346371930039568","0.00929652094027877","54","3556069.8","1.51853037305398e-05","101","5231540","1.93059787366626e-05","-1.24611765822061","-0.00288050500967829","54","3556069.8","1.51853037305398e-05","22","3436513","6.40183814232625e-06","FALSE","FALSE","L370C","-0.449872864090521","0.00320800796530024"
"488","L","370","D","CTG","GAT","1108","missense_variant","CTG","GAT","GAT","3","-2.14191455126991","-0.00268090099683995","30","3556069.8","8.4362798502999e-06","10","5231540","1.91148304323392e-06","-5.85755237030296","-0.0250777478500682","30","3556069.8","8.4362798502999e-06","0.5","3436513","1.45496321416506e-07","FALSE","FALSE","L370D","-3.99973346078644","-0.0138793244234541"
"489","L","370","E","CT","GA","1108","missense_variant","CTG","GAG","GAG","2","-5.72687705199107","-0.0199371971759233","18","3556069.8","5.06176791017994e-06","0.5","5231540","9.55741521616962e-08","-5.12058677613675","-0.0215303476850266","18","3556069.8","5.06176791017994e-06","0.5","3436513","1.45496321416506e-07","FALSE","FALSE","L370E","-5.42373191406391","-0.0207337724304749"
"490","L","370","G","CTG","GGT","1108","missense_variant","CTG","GGT","GGG","2","-1.31879231335399","0.00128121607585181","39","3556069.8","1.09671638053899e-05","23","5231540","4.39641099943802e-06","-2.91413589866932","-0.0109095476519671","39","3556069.8","1.09671638053899e-05","5","3436513","1.45496321416506e-06","FALSE","FALSE","L370G","-2.11646410601166","-0.00481416578805764"
"491","L","370","I","CTG","ATC","1108","missense_variant","CTG","ATC","ATC","2","-1.08746676724754","0.00239470670137389","13","3556069.8","3.65572126846329e-06","9","5231540","1.72033473891053e-06","-4.65110149283553","-0.0192704699042305","13","3556069.8","3.65572126846329e-06","0.5","3436513","1.45496321416506e-07","FALSE","FALSE","L370I","-2.86928413004153","-0.00843788160142833"
"492","L","370","K","CT","AA","1108","missense_variant","CTG","AAG","AAG","2","-7.25739176868985","-0.0273043635695709","52","3556069.8","1.46228850738532e-05","0.5","5231540","9.55741521616962e-08","-6.65110149283553","-0.0288975140786742","52","3556069.8","1.46228850738532e-05","0.5","3436513","1.45496321416506e-07","FALSE","FALSE","L370K","-6.95424663076269","-0.0281009388241226"
"493","L","370","K","CTG","AAG","1108","missense_variant","CTG","AAG","AAG","2","-1.55695205054876","0.000134828920577865","1","3556069.8","2.8120932834333e-07","0.5","5231540","9.55741521616962e-08","-0.950661774694438","-0.00145832158852542","1","3556069.8","2.8120932834333e-07","0.5","3436513","1.45496321416506e-07","FALSE","FALSE","L370K","-1.2538069126216","-0.000661746333973778"
"494","L","370","M","C","A","1108","missense_variant","CTG","ATG","ATG","1","0.886282340560738","0.0118953916264434","57","3556069.8","1.60289317155698e-05","155","5231540","2.96279871701258e-05","0.238816024169274","0.00426725606856508","57","3556069.8","1.60289317155698e-05","65","3436513","1.89145217841457e-05","FALSE","FALSE","L370M","0.562549182365006","0.00808132384750426"
"495","L","370","N","CTG","AAC","1108","missense_variant","CTG","AAC","AAC","3","-7.3898420647135","-0.0279419159949398","57","3556069.8","1.60289317155698e-05","0.5","5231540","9.55741521616962e-08","-0.357287034157082","0.00139790083105067","57","3556069.8","1.60289317155698e-05","43","3436513","1.25126836418195e-05","FALSE","FALSE","L370N","-3.87356454943529","-0.0132720075819446"
"496","L","370","P","TG","CT","1109","missense_variant","CTG","CCT","CCG","1","1.10601296217367","0.0129530698268163","6","3556069.8","1.68725597005998e-06","19","5231540","3.63181778214445e-06","-3.53562427541559","-0.0139010956803869","6","3556069.8","1.68725597005998e-06","0.5","3436513","1.45496321416506e-07","FALSE","FALSE","L370P","-1.21480565662096","-0.000474012926785321"
"497","L","370","Q","T","A","1109","missense_variant","CTG","CAG","CAG","1","-1.33455962921231","0.0012053197527116","12","3556069.8","3.37451194011996e-06","7","5231540","1.33803813026375e-06","-1.21369618052823","-0.00272444351070566","12","3556069.8","3.37451194011996e-06","5","3436513","1.45496321416506e-06","FALSE","FALSE","L370Q","-1.27412790487027","-0.00075956187899703"
"498","L","370","R","CTG","AGA","1108","missense_variant","CTG","AGA","CGG","1","-6.51114836093563","-0.0237123044439023","31","3556069.8","8.71748917864323e-06","0.5","5231540","9.55741521616962e-08","-5.90485808508131","-0.0253054549530056","31","3556069.8","8.71748917864323e-06","0.5","3436513","1.45496321416506e-07","FALSE","FALSE","L370R","-6.20800322300847","-0.024508879698454"
"499","L","370","T","CTG","ACC","1108","missense_variant","CTG","ACC","ACG","2","-8.22937739252025","-0.0319830378383407","102","3556069.8","2.86833514910197e-05","0.5","5231540","9.55741521616962e-08","-0.81573219460833","-0.00080883507456137","102","3556069.8","2.86833514910197e-05","56","3436513","1.62955879986486e-05","FALSE","FALSE","L370T","-4.52255479356429","-0.016395936456451"
"500","L","370","V","C","G","1108","missense_variant","CTG","GTG","GTG","1","0.417052740918297","0.00963674458458628","28","3556069.8","7.87386119361324e-06","55","5231540","1.05131567377866e-05","-3.17305419603089","-0.0121558565951028","28","3556069.8","7.87386119361324e-06","3","3436513","8.72977928499034e-07","FALSE","FALSE","L370V","-1.37800072755629","-0.00125955600525828"
"501","L","370","W","CT","TG","1108","missense_variant","CTG","TGG","TGG","2","-4.72687705199107","-0.0151236750887014","9","3556069.8","2.53088395508997e-06","0.5","5231540","9.55741521616962e-08","-4.12058677613675","-0.0167168255978047","9","3556069.8","2.53088395508997e-06","0.5","3436513","1.45496321416506e-07","FALSE","FALSE","L370W","-4.42373191406391","-0.0159202503432531"
"502","L","370","Y","CTG","TAC","1108","missense_variant","CTG","TAC","TAC","3","-6.01638366918606","-0.0213307436721882","22","3556069.8","6.18660522355326e-06","0.5","5231540","9.55741521616962e-08","-5.41009339333174","-0.0229238941812915","22","3556069.8","6.18660522355326e-06","0.5","3436513","1.45496321416506e-07","FALSE","FALSE","L370Y","-5.7132385312589","-0.0221273189267399"
"503","L","376","A","TTG","GCT","1126","missense_variant","TTG","GCT","GCG","2","-1.07166917267263","0.00247074877178518","20","3555715","5.6247477652174e-06","14","5231540","2.67607626052749e-06","0.482153683287552","0.00543856726538377","20","3555715","5.6247477652174e-06","27","3436513","7.8568013564913e-06","FALSE","FALSE","L376A","-0.29475774469254","0.00395465801858447"
"504","L","376","C","TG","GC","1127","missense_variant","TTG","TGC","TGC","2","0.523823995540693","0.0101506903769916","26","3555715","7.31217209478262e-06","55","5231540","1.05131567377866e-05","0.808186176507651","0.00700793187265072","26","3555715","7.31217209478262e-06","44","3436513","1.28036762846525e-05","FALSE","FALSE","L376C","0.666005086024172","0.00857931112482115"
"505","L","376","D","TTG","GAT","1126","missense_variant","TTG","GAT","GAT","3","0.0665988953669968","0.00794982725847327","98","3555715","2.75612640495653e-05","151","5231540","2.88633939528322e-05","-0.86507584996267","-0.00104635184947375","98","3555715","2.75612640495653e-05","52","3436513","1.51316174273166e-05","FALSE","FALSE","L376D","-0.399238477297837","0.00345173770449976"
"506","L","376","E","TT","GA","1126","missense_variant","TTG","GAG","GAG","2","-0.929064777229832","0.00315717817898401","44","3555715","1.23744450834783e-05","34","5231540","6.49904234699534e-06","-1.95080572398855","-0.00627253657885393","44","3555715","1.23744450834783e-05","11","3436513","3.20091907116312e-06","FALSE","FALSE","L376E","-1.43993525060919","-0.00155767919993496"
"507","L","376","F","G","C","1128","missense_variant","TTG","TTC","TTC","1","0.679943197457975","0.0109021736036599","14","3555715","3.93732343565218e-06","33","5231540","6.30789404267195e-06","1.09982034908141","0.0084117194037232","14","3555715","3.93732343565218e-06","29","3436513","8.43878664215733e-06","FALSE","FALSE","L376F","0.889881773269695","0.00965694650369153"
"508","L","376","G","TTG","GGT","1126","missense_variant","TTG","GGT","GGG","2","-0.647293808814452","0.00451348895898933","33","3555715","9.28083381260872e-06","31","5231540","5.92559743402516e-06","0.29020237551524","0.00451460540575063","33","3555715","9.28083381260872e-06","39","3436513","1.13487130704874e-05","FALSE","FALSE","L376G","-0.178545716649606","0.00451404718236998"
"509","L","376","H","TTG","CAC","1126","missense_variant","TTG","CAC","CAC","3","-0.810852592088657","0.00372619514313982","62","3555715","1.7436718072174e-05","52","5231540","9.9397118248164e-06","-0.69554866874648","-0.000230329018305156","62","3555715","1.7436718072174e-05","37","3436513","1.07667277848214e-05","FALSE","FALSE","L376H","-0.753200630417568","0.00174793306241733"
"510","L","376","K","TT","AA","1126","missense_variant","TTG","AAG","AAG","2","2.0423660705734","0.0174602261955372","33","3555715","9.28083381260872e-06","200","5231540","3.82296608646785e-05","-0.294760125205916","0.00169887548833282","33","3555715","9.28083381260872e-06","26","3436513","7.56580871365829e-06","FALSE","FALSE","L376K","0.873802972683741","0.009579550841935"
"511","L","376","M","T","A","1126","missense_variant","TTG","ATG","ATG","1","2.50819546040885","0.0197025062523872","27","3555715","7.59340948304349e-06","226","5231540","4.31995167770867e-05","-0.120730725430867","0.00253656984797598","27","3555715","7.59340948304349e-06","24","3436513","6.98382342799227e-06","FALSE","FALSE","L376M","1.19373236748899","0.0111195380501816"
"512","L","376","P","TTG","CCT","1126","missense_variant","TTG","CCT","CCG","2","-0.888301908318247","0.00335339114882846","39","3555715","1.09682581421739e-05","31","5231540","5.92559743402516e-06","-5.2362079428508","-0.022086892724755","39","3555715","1.09682581421739e-05","1","3436513","2.90992642833011e-07","FALSE","FALSE","L376P","-3.06225492558452","-0.00936675078796328"
"513","L","376","Q","TT","CA","1126","missense_variant","TTG","CAG","CAG","2","-1.19452592045817","0.00187937510275527","42","3555715","1.18119703069565e-05","27","5231540","5.16100421673159e-06","-0.213840129822348","0.00208838567340951","42","3555715","1.18119703069565e-05","35","3436513","1.01847424991554e-05","FALSE","FALSE","L376Q","-0.704183025140257","0.00198388038808239"
"514","L","376","R","TTG","AGA","1126","missense_variant","TTG","AGA","AGG","2","1.42475665344687","0.0144873496249224","40","3555715","1.12494955304348e-05","158","5231540","3.0201432083096e-05","1.11958360390284","0.00850685026732154","40","3555715","1.12494955304348e-05","84","3436513","2.44433819979729e-05","FALSE","FALSE","L376R","1.27217012867486","0.011497099946122"
"515","L","376","S","TTG","AGC","1126","missense_variant","TTG","AGC","TCG","1","3.48729811951558","0.0244154385276551","4","3555715","1.12494955304348e-06","66","5231540","1.26157880853439e-05","1.37112237089881","0.00971763767804917","4","3555715","1.12494955304348e-06","10","3436513","2.90992642833011e-06","FALSE","FALSE","L376S","2.42921024520719","0.0170665381028521"
"516","L","376","T","TTG","ACC","1126","missense_variant","TTG","ACC","ACG","2","0.442904000157126","0.00976118019191488","16","3555715","4.49979821217392e-06","32","5231540","6.11674573834855e-06","1.44151169879021","0.0100564582625591","16","3555715","4.49979821217392e-06","42","3436513","1.22216909989865e-05","FALSE","FALSE","L376T","0.942207849473666","0.009908819227237"
"517","L","376","V","T","G","1126","missense_variant","TTG","GTG","GTG","1","-5.01652761848017","-0.016517914488073","22","3555715","6.18722254173914e-06","1","5231540","1.91148304323392e-07","-2.8252748419047","-0.0104818129925367","22","3555715","6.18722254173914e-06","3","3436513","8.72977928499034e-07","FALSE","FALSE","L376V","-3.92090123019243","-0.0134998637403049"
"518","L","376","W","T","G","1127","missense_variant","TTG","TGG","TGG","1","-0.972133499121718","0.00294986593488901","16","3555715","4.49979821217392e-06","12","5231540","2.29377965188071e-06","-3.95080572398855","-0.0158995807532976","16","3555715","4.49979821217392e-06","1","3436513","2.90992642833011e-07","FALSE","FALSE","L376W","-2.46146961155514","-0.0064748574092043"
"519","L","376","Y","TG","AC","1127","missense_variant","TTG","TAC","TAC","2","-1.27469626914215","0.00149347335862464","74","3555715","2.08115667313044e-05","45","5231540","8.60167369455265e-06","-0.912331576173918","-0.0012738183313393","74","3555715","2.08115667313044e-05","38","3436513","1.10577204276544e-05","FALSE","FALSE","L376Y","-1.09351392265803","0.000109827513642667"
"520","L","384","A","CTG","GCT","1150","missense_variant","CTG","GCT","GCG","2","-0.0896748562902113","0.00719760010321827","230","3555784.6","6.46833331805307e-05","318","5231540","6.07851607748388e-05","-1.38687659958254","-0.00355805128289793","230","3555784.6","6.46833331805307e-05","85","3436513","2.4734374640806e-05","FALSE","FALSE","L384A","-0.738275727936378","0.00181977441016017"
"521","L","384","D","CTG","GAT","1150","missense_variant","CTG","GAT","GAT","3","-0.801954819753726","0.00376902476680108","237","3555784.6","6.6651956364286e-05","200","5231540","3.82296608646785e-05","0.204873385684323","0.00410387242851918","237","3555784.6","6.6651956364286e-05","264","3436513","7.6822057707915e-05","FALSE","FALSE","L384D","-0.298540717034701","0.00393644859766013"
"522","L","384","E","CT","GA","1150","missense_variant","CTG","GAG","GAG","2","-2.52566566149106","-0.00452809544188532","818","3555784.6","0.000230047680615974","209","5231540","3.9949995603589e-05","-1.67253820733075","-0.00493308974126519","818","3555784.6","0.000230047680615974","248","3436513","7.21661754225868e-05","FALSE","FALSE","L384E","-2.0991019344109","-0.00473059259157526"
"523","L","384","F","CTG","TTC","1150","missense_variant","CTG","TTC","TTC","2","-1.05020955292844","0.00257404512540724","525","3555784.6","0.000147646738781646","373","5231540","7.12983175126253e-05","-4.03275478694248","-0.0162940443778535","525","3555784.6","0.000147646738781646","31","3436513","9.02077192782335e-06","FALSE","FALSE","L384F","-2.54148216993546","-0.00685999962622312"
"524","L","384","G","CTG","GGT","1150","missense_variant","CTG","GGT","GGG","2","0.107680736707843","0.00814757560915117","1319","3555784.6","0.000370944854196174","2091","5231540","0.000399691104340213","-1.83219055676316","-0.00570157985153498","1319","3555784.6","0.000370944854196174","358","3436513","0.000104175366134218","FALSE","FALSE","L384G","-0.862254910027658","0.0012229978788081"
"525","L","384","H","TG","AC","1151","missense_variant","CTG","CAC","CAC","2","-0.358115809076963","0.00590545364786437","913","3555784.6","0.000256764709538367","1048","5231540","0.000200323422930915","-1.084808816619","-0.00210404133776478","913","3555784.6","0.000256764709538367","416","3436513","0.000121052939418533","FALSE","FALSE","L384H","-0.721462312847982","0.00190070615504979"
"526","L","384","I","CTG","ATC","1150","missense_variant","CTG","ATC","ATC","2","-2.37909925932024","-0.00382259482779145","1729","3555784.6","0.000486249926387555","489","5231540","9.34715208141389e-05","-4.26355614256943","-0.0174050118009245","1729","3555784.6","0.000486249926387555","87","3436513","2.5316359926472e-05","FALSE","FALSE","L384I","-3.32132770094483","-0.010613803314358"
"527","L","384","K","CT","AA","1150","missense_variant","CTG","AAG","AAG","2","1.6264618383688","0.0154582619876513","129","3555784.6","3.62789129577759e-05","586","5231540","0.000112012906333508","-6.96200474019913","-0.0303940537268479","129","3555784.6","3.62789129577759e-05","1","3436513","2.90992642833011e-07","FALSE","FALSE","L384K","-2.66777145091516","-0.00746789586959828"
"528","L","384","M","C","A","1150","missense_variant","CTG","ATG","ATG","1","-1.0741142668977","0.00245897925672745","2085","3555784.6","0.00058636847687568","1457","5231540","0.000278503079399183","-0.78678459422788","-0.000669495160758003","2085","3555784.6","0.00058636847687568","1168","3436513","0.000339879406828957","FALSE","FALSE","L384M","-0.930449430562792","0.000894742047984725"
"529","L","384","N","CTG","AAC","1150","missense_variant","CTG","AAC","AAC","3","5.91866567033621","0.0361188799356847","3","3555784.6","8.43695650180835e-07","267","5231540","5.10365972543458e-05","-1.53573998549703","-0.00427460847897592","3","3555784.6","8.43695650180835e-07","1","3436513","2.90992642833011e-07","FALSE","FALSE","L384N","2.19146284241959","0.0159221357283544"
"530","L","384","P","TG","CT","1151","missense_variant","CTG","CCT","CCG","1","-10.8722173228865","-0.0447044062161504","637","3555784.6","0.000179144709721731","0.5","5231540","9.55741521616962e-08","-3.24355923400372","-0.0124952341526455","637","3555784.6","0.000179144709721731","65","3436513","1.89145217841457e-05","FALSE","FALSE","L384P","-7.0578882784451","-0.0285998201843979"
"531","L","384","Q","T","A","1151","missense_variant","CTG","CAG","CAG","1","2.56736754232934","0.0199873323756584","247","3555784.6","6.94642751982221e-05","2154","5231540","0.000411733447512587","1.27578096614013","0.00925870972041651","247","3555784.6","6.94642751982221e-05","578","3436513","0.000168193747557481","FALSE","FALSE","L384Q","1.92157425423473","0.0146230210480374"
"532","L","384","R","CTG","AGA","1150","missense_variant","CTG","AGA","CGG","1","-0.854818371920084","0.00351456489083931","429","3555784.6","0.000120648477975859","349","5231540","6.67107582088639e-05","-3.23617970363812","-0.0124597126202374","429","3555784.6","0.000120648477975859","44","3436513","1.28036762846525e-05","FALSE","FALSE","L384R","-2.0454990377791","-0.00447257386469902"
"533","L","384","S","CTG","AGC","1150","missense_variant","CTG","AGC","TCG","2","-0.220879673899916","0.00656604281570405","1349","3555784.6","0.000379381810697982","1703","5231540","0.000325525562262737","-2.41181417872157","-0.00849161095810731","1349","3555784.6","0.000379381810697982","245","3436513","7.12931974940878e-05","FALSE","FALSE","L384S","-1.31634692631074","-0.00096278407120163"
"534","L","384","T","CTG","ACC","1150","missense_variant","CTG","ACC","ACG","2","0.302289008089307","0.00908432682180191","253","3555784.6","7.11516664985837e-05","459","5231540","8.77370716844371e-05","-1.06340633988678","-0.00200102004329297","253","3555784.6","7.11516664985837e-05","117","3436513","3.40461392114623e-05","FALSE","FALSE","L384T","-0.380558665898735","0.00354165338925447"
"535","L","384","V","C","G","1150","missense_variant","CTG","GTG","GTG","1","-6.45793456861094","-0.0234561586792026","239","3555784.6","6.72144201310732e-05","4","5231540","7.64593217293569e-07","-6.85164429275662","-0.0298628312755277","239","3555784.6","6.72144201310732e-05","2","3436513","5.81985285666023e-07","FALSE","FALSE","L384V","-6.65478943068378","-0.0266594949773651"
"536","L","384","Y","CTG","TAC","1150","missense_variant","CTG","TAC","TAC","3","0.119532757265778","0.008204625571885","981","3555784.6","0.000275888477609133","1568","5231540","0.000299720541179079","-2.10752709747045","-0.00702691837164878","981","3555784.6","0.000275888477609133","220","3436513","6.40183814232625e-05","FALSE","FALSE","L384Y","-0.993997170102336","0.00058885360011811"
"537","L","387","D","TTG","GAT","1159","missense_variant","TTG","GAT","GAT","3","1.28338434208273","0.0138068508816495","124","3556357.8","3.48671328852232e-05","444","5231540","8.48698471195862e-05","-7.90474124841306","-0.034931936731566","124","3556357.8","3.48671328852232e-05","0.5","3436513","1.45496321416506e-07","FALSE","FALSE","L387D","-3.31067845316516","-0.0105625429249582"
"538","L","387","F","G","C","1161","missense_variant","TTG","TTC","TTC","1","2.11058944703263","0.0177886209249885","17","3556357.8","4.78017144394189e-06","108","5231540","2.06440168669264e-05","1.09127523766845","0.0083705873211991","17","3556357.8","4.78017144394189e-06","35","3436513","1.01847424991554e-05","FALSE","FALSE","L387F","1.60093234235054","0.0130796041230938"
"539","L","387","K","TT","AA","1159","missense_variant","TTG","AAG","AAG","2","-5.72676021532281","-0.01993663478004","18","3556357.8","5.06135799946788e-06","0.5","5231540","9.55741521616962e-08","-5.12046993946849","-0.0215297852891433","18","3556357.8","5.06135799946788e-06","0.5","3436513","1.45496321416506e-07","FALSE","FALSE","L387K","-5.42361507739565","-0.0207332100345917"
"540","L","387","M","T","A","1159","missense_variant","TTG","ATG","ATG","1","0.0281272868406557","0.00776464332110077","2","3556357.8","5.62373111051987e-07","3","5231540","5.73444912970177e-07","-0.950544938026181","-0.00145775919264217","2","3556357.8","5.62373111051987e-07","1","3436513","2.90992642833011e-07","FALSE","FALSE","L387M","-0.461208825592762","0.0031534420642293"
"541","L","387","Q","TT","CA","1159","missense_variant","TTG","CAG","CAG","2","-1.5568352138805","0.000135391316461119","1","3556357.8","2.81186555525993e-07","0.5","5231540","9.55741521616962e-08","-0.950544938026181","-0.00145775919264217","1","3556357.8","2.81186555525993e-07","0.5","3436513","1.45496321416506e-07","FALSE","FALSE","L387Q","-1.25369007595334","-0.000661183938090524"
"542","L","387","V","T","G","1159","missense_variant","TTG","GTG","GTG","1","-8.15674805606763","-0.0316334349231457","97","3556357.8","2.72750958860214e-05","0.5","5231540","9.55741521616962e-08","-6.55045778021331","-0.0284130633450271","97","3556357.8","2.72750958860214e-05","1","3436513","2.90992642833011e-07","FALSE","FALSE","L387V","-7.35360291814047","-0.0300232491340864"
"543","M","343","D","ATG","GAT","1027","missense_variant","ATG","GAT","GAT","3","-1.00272312659347","0.00280262208741382","448","1797428","0.000249245032346219","316","2540448","0.000124387509604605","0.282537039998912","0.00447770814393681","448","1797428","0.000249245032346219","513","1692149.5","0.000303164702645954","FALSE","FALSE","M343D","-0.360093043297281","0.00364016511567532"
"544","M","343","E","AT","GA","1027","missense_variant","ATG","GAG","GAG","2","-1.15617541301778","0.00206397611737573","1293","1797428","0.00071936122058853","820","2540448","0.00032277771479676","1.1288652425511","0.00855152763996053","1293","1797428","0.00071936122058853","2662","1692149.5","0.00157314705349616","FALSE","FALSE","M343E","-0.0136550852333404","0.00530775187866813"
"545","M","343","E","ATG","GAG","1027","missense_variant","ATG","GAG","GAG","2","-2.49914895271297","-0.00440045667850157","2","1797428","1.11270103725991e-06","0.5","2540448","1.96815679754122e-07","-0.912923053550538","-0.00127666542075575","2","1797428","1.11270103725991e-06","1","1692149.5","5.90964332643186e-07","FALSE","FALSE","M343E","-1.70603600313175","-0.00283856104962866"
"546","M","343","F","ATG","TTC","1027","missense_variant","ATG","TTC","TTC","2","1.86450382468945","0.0166040823464919","259","1797428","0.000144094784325158","1333","2540448","0.00052471060222449","0.120117208213469","0.00369589669623473","259","1797428","0.000144094784325158","265","1692149.5","0.000156605548150444","FALSE","FALSE","M343F","0.992310516451458","0.0101499895213633"
"547","M","343","G","ATG","GGT","1027","missense_variant","ATG","GGT","GGG","2","2.0161613546168","0.0173340892164907","587","1797428","0.000326577754435783","3356","2540448","0.00132102684250967","2.90910346994302","0.0171207436680282","587","1797428","0.000326577754435783","4151","1692149.5","0.00245309294480186","FALSE","FALSE","M343G","2.46263241227991","0.0172274164422595"
"548","M","343","H","ATG","CAC","1027","missense_variant","ATG","CAC","CAC","3","-1.02299993913074","0.00270501920240723","312","1797428","0.000173581361812545","217","2540448","8.5418005013289e-05","0.261106346224511","0.00437455102610925","312","1797428","0.000173581361812545","352","1692149.5","0.000208019445090401","FALSE","FALSE","M343H","-0.380946796453115","0.00353978511425824"
"549","M","343","I","G","C","1029","missense_variant","ATG","ATC","ATC","1","-0.422280189328701","0.00559659698630973","201","1797428","0.000111826454244621","212","2540448","8.34498482157478e-05","-0.836054290166268","-0.000906655930388137","201","1797428","0.000111826454244621","106","1692149.5","6.26422192601777e-05","FALSE","FALSE","M343I","-0.629167239747484","0.0023449705279608"
"550","M","343","K","T","A","1028","missense_variant","ATG","AAG","AAG","1","-1.6220057004985","-0.00017830826030964","392","1797428","0.000218089403302942","180","2540448","7.0853644711484e-05","0.853910053518839","0.00722802476455749","392","1797428","0.000218089403302942","667","1692149.5","0.000394173209873005","FALSE","FALSE","M343K","-0.384047823489833","0.00352485825212392"
"551","M","343","L","A","C","1027","missense_variant","ATG","CTG","CTG","1","-2.08411145343413","-0.00240266450869754","3","1797428","1.66905155588986e-06","1","2540448","3.93631359508244e-07","5.04127325683634","0.0273839900309463","3","1797428","1.66905155588986e-06","93","1692149.5","5.49596829358162e-05","FALSE","FALSE","M343L","1.4785809017011","0.0124906627611244"
"552","M","343","N","TG","AC","1028","missense_variant","ATG","AAC","AAC","2","-0.742760803937307","0.00405395646936477","605","1797428","0.000336592063771122","511","2540448","0.000201145624708713","-2.96388982683248","-0.0111490392841065","605","1797428","0.000336592063771122","73","1692149.5","4.31403962829525e-05","FALSE","FALSE","M343N","-1.85332531538489","-0.00354754140737085"
"553","M","343","P","ATG","CCT","1027","missense_variant","ATG","CCT","CCG","2","-2.41493594880989","-0.00399509552418277","366","1797428","0.000203624289818563","97","2540448","3.81822418722997e-05","-1.98567939598585","-0.00644040176927546","366","1797428","0.000203624289818563","87","1692149.5","5.14138969399571e-05","FALSE","FALSE","M343P","-2.20030767239787","-0.00521774864672911"
"554","M","343","Q","AT","CA","1027","missense_variant","ATG","CAG","CAG","2","-3.08411145343413","-0.00721618659591938","3","1797428","1.66905155588986e-06","0.5","2540448","1.96815679754122e-07","-2.49788555427169","-0.0089059174253954","3","1797428","1.66905155588986e-06","0.5","1692149.5","2.95482166321593e-07","FALSE","FALSE","M343Q","-2.79099850385291","-0.00806105201065739"
"555","M","343","R","TG","GA","1028","missense_variant","ATG","AGA","AGG","1","-9.67905804272791","-0.0389611076675333","290","1797428","0.000161341650402687","0.5","2540448","1.96815679754122e-07","-1.49291930137835","-0.00406849017018069","290","1797428","0.000161341650402687","97","1692149.5","5.7323540266389e-05","FALSE","FALSE","M343R","-5.58598867205313","-0.021514798918857"
"556","M","343","T","TG","CC","1028","missense_variant","ATG","ACC","ACG","1","-0.881842303650669","0.00338448459857057","691","1797428","0.000384438208373298","530","2540448","0.000208624620539369","0.269244890176412","0.00441372608717955","691","1797428","0.000384438208373298","784","1692149.5","0.000463316036792257","FALSE","FALSE","M343T","-0.306298706737129","0.00389910534287506"
"557","M","343","V","A","G","1027","missense_variant","ATG","GTG","GTG","1","1.005100109292","0.0124673235805858","582","1797428","0.000323796001842633","1651","2540448","0.000649885374548111","-0.252308345514447","0.00190321806751958","582","1797428","0.000323796001842633","460","1692149.5","0.000271843593015865","FALSE","FALSE","M343V","0.376395881888778","0.00718527082405269"
"558","M","343","W","AT","TG","1027","missense_variant","ATG","TGG","TGG","2","-3.74045858739205","-0.0103755280221106","870","1797428","0.00048402495120806","92","2540448","3.62140850747585e-05","-1.383173895395","-0.00354022823450874","870","1797428","0.00048402495120806","314","1692149.5","0.00018556280044996","FALSE","FALSE","M343W","-2.56181624139353","-0.00695787812830967"
"559","M","343","W","ATG","TGG","1027","missense_variant","ATG","TGG","TGG","2","-1.49914895271297","0.000413065408720269","1","1797428","5.56350518629953e-07","0.5","2540448","1.96815679754122e-07","-0.912923053550538","-0.00127666542075575","1","1797428","5.56350518629953e-07","0.5","1692149.5","2.95482166321593e-07","FALSE","FALSE","M343W","-1.20603600313175","-0.000431800006017741"
"560","M","343","Y","ATG","TAC","1027","missense_variant","ATG","TAC","TAC","3","-10.2133944703791","-0.0415331478640396","420","1797428","0.00023366721782458","0.5","2540448","1.96815679754122e-07","-0.899248116653462","-0.00121084080996031","420","1797428","0.00023366721782458","212","1692149.5","0.000125284438520355","FALSE","FALSE","M343Y","-5.55632129351628","-0.0213719943369999"
"561","M","351","C","ATG","TGC","1051","missense_variant","ATG","TGC","TGC","3","-3.48435190489534","-0.00914275284922759","4","1737835.2","2.30171422468598e-06","0.5","2431157.2","2.05663377094661e-07","3.43587716894954","0.0196563805031636","4","1737835.2","2.30171422468598e-06","44","1766441.2","2.49088393092281e-05","FALSE","TRUE","M351C","-0.0242373679729035","0.00525681382696802"
"562","M","351","D","ATG","GAT","1051","missense_variant","ATG","GAT","GAT","3","-5.29170682695295","-0.017842495686001","14","1737835.2","8.05599978640092e-06","0.5","2431157.2","2.05663377094661e-07","1.21348474761309","0.0089588454965862","14","1737835.2","8.05599978640092e-06","33","1766441.2","1.86816294819211e-05","FALSE","TRUE","M351D","-2.03911103966993","-0.00444182509470739"
"563","M","351","I","G","C","1053","missense_variant","ATG","ATC","ATC","1","0.579778432524371","0.0104200282952906","33","1737835.2","1.89891423536593e-05","69","2431157.2","2.83815460390632e-05","0.604476772925282","0.0060273721591322","33","1737835.2","1.89891423536593e-05","51","1766441.2","2.88716091993325e-05","FALSE","TRUE","M351I","0.592127602724827","0.00822370022721139"
"564","M","351","K","T","A","1052","missense_variant","ATG","AAG","AAG","1","0.515648095104655","0.0101113354996598","3","1737835.2","1.72628566851448e-06","6","2431157.2","2.46796052513593e-06","0.713411144478446","0.00655173016266098","3","1737835.2","1.72628566851448e-06","5","1766441.2","2.83054992150319e-06","FALSE","TRUE","M351K","0.614529619791551","0.00833153283116038"
"565","M","351","N","TG","AC","1052","missense_variant","ATG","AAC","AAC","2","-7.78813265307245","-0.0298590965391382","79","1737835.2","4.5458855937548e-05","0.5","2431157.2","2.05663377094661e-07","-0.239872356614524","0.00196307897476581","79","1737835.2","4.5458855937548e-05","68","1766441.2","3.84954789324434e-05","FALSE","TRUE","M351N","-4.01400250484348","-0.0139480087821862"
"566","M","351","S","TG","GC","1052","missense_variant","ATG","AGC","AGC","2","4.81026884399628","0.0307835873306908","8","1737835.2","4.60342844937195e-06","314","2431157.2","0.000129156600815447","4.69754473901942","0.0257294452184265","8","1737835.2","4.60342844937195e-06","211","1766441.2","0.000119449206687435","FALSE","TRUE","M351S","4.75390679150785","0.0282565162745587"
"567","M","351","T","TG","CC","1052","missense_variant","ATG","ACC","ACG","1","-1.32681062790886","0.00124261974163965","52","1737835.2","2.99222849209177e-05","29","2431157.2","1.19284758714903e-05","-6.72399416782885","-0.0292483845797513","52","1737835.2","2.99222849209177e-05","0.5","1766441.2","2.83054992150319e-07","TRUE","TRUE","M351T","-4.02540239786886","-0.0140028824190558"
"568","M","351","V","A","G","1051","missense_variant","ATG","GTG","GTG","1","-0.323887232702098","0.00607021365625894","17","1737835.2","9.7822854549154e-06","19","2431157.2","7.81520832959711e-06","1.74696370418947","0.0115267582371347","17","1737835.2","9.7822854549154e-06","58","1766441.2","3.2834379089437e-05","FALSE","TRUE","M351V","0.711538235743687","0.00879848594669681"
"569","M","388","A","ATG","GCT","1162","missense_variant","ATG","GCT","GCG","2","-9.09592214268453","-0.0361541701328226","186","3556535","5.22980935095535e-05","0.5","5231540","9.55741521616962e-08","-8.48963186683021","-0.0377473206419258","186","3556535","5.22980935095535e-05","0.5","3436513","1.45496321416506e-07","FALSE","FALSE","M388A","-8.79277700475737","-0.0369507453873742"
"570","M","388","C","ATG","TGC","1162","missense_variant","ATG","TGC","TGC","3","-1.81491551603054","-0.001106883918215","177","3556535","4.97675405978009e-05","74","5231540","1.4144974519931e-05","-8.41807860580517","-0.0374028974395691","177","3556535","4.97675405978009e-05","0.5","3436513","1.45496321416506e-07","FALSE","FALSE","M388C","-5.11649706091786","-0.019254890678892"
"571","M","388","F","ATG","TTC","1162","missense_variant","ATG","TTC","TTC","2","-0.622029103042665","0.00463510117824899","520","3556535","0.00014620972379015","497","5231540","9.5000707248726e-05","-9.97284086875063","-0.0448867799326361","520","3556535","0.00014620972379015","0.5","3436513","1.45496321416506e-07","FALSE","FALSE","M388F","-5.29743498589665","-0.0201258393771935"
"572","M","388","G","ATG","GGT","1162","missense_variant","ATG","GGT","GGG","2","-6.20061952135122","-0.0222175670158434","350","3556535","9.84103910126007e-05","7","5231540","1.33803813026375e-06","-1.9922932314168","-0.00647223761220359","350","3556535","9.84103910126007e-05","85","3436513","2.4734374640806e-05","FALSE","FALSE","M388G","-4.09645637638401","-0.0143449023140235"
"573","M","388","H","ATG","CAC","1162","missense_variant","ATG","CAC","CAC","3","-2.84626994877148","-0.00607133125996766","220","3556535","6.18579600650633e-05","45","5231540","8.60167369455265e-06","-0.532160424410472","0.000556143904598614","220","3556535","6.18579600650633e-05","147","3436513","4.27759184964527e-05","FALSE","FALSE","M388H","-1.68921518659098","-0.00275759367768452"
"574","M","388","I","G","C","1164","missense_variant","ATG","ATC","ATC","1","0.443236668423503","0.00976278149796281","2","3556535","5.62345091500576e-07","4","5231540","7.64593217293569e-07","1.04952694427782","0.00816963098885952","2","3556535","5.62345091500576e-07","4","3436513","1.16397057133205e-06","FALSE","FALSE","M388I","0.746381806350663","0.00896620624341116"
"575","M","388","K","T","A","1163","missense_variant","ATG","AAG","AAG","1","2.02819916914466","0.0173920335026025","1","3556535","2.81172545750288e-07","6","5231540","1.14688982594035e-06","6.19927406378251","0.0329580524922024","1","3556535","2.81172545750288e-07","71","3436513","2.06604776411438e-05","FALSE","FALSE","M388K","4.11373661646358","0.0251750429974024"
"576","M","388","L","A","C","1162","missense_variant","ATG","CTG","CTG","1","0.443236668423503","0.00976278149796281","2","3556535","5.62345091500576e-07","4","5231540","7.64593217293569e-07","1.63448944499898","0.0109853609062773","2","3556535","5.62345091500576e-07","6","3436513","1.74595585699807e-06","FALSE","FALSE","M388L","1.03886305671124","0.0103740712021201"
"577","M","388","N","TG","AC","1163","missense_variant","ATG","AAC","AAC","2","1.9769099404478","0.0171451516674336","272","3556535","7.64789324440783e-05","1575","5231540","0.000301058579309343","-0.230580974914912","0.0020078032457977","272","3556535","7.64789324440783e-05","224","3436513","6.51823519945945e-05","FALSE","FALSE","M388N","0.873164482766446","0.00957647745661564"
"578","M","388","P","ATG","CCT","1162","missense_variant","ATG","CCT","CCG","2","-1.5567633315765","0.000135737323519122","1","3556535","2.81172545750288e-07","0.5","5231540","9.55741521616962e-08","-0.950473055722177","-0.00145741318558416","1","3556535","2.81172545750288e-07","0.5","3436513","1.45496321416506e-07","FALSE","FALSE","M388P","-1.25361819364934","-0.000660837931032521"
"579","M","388","S","TG","GC","1163","missense_variant","ATG","AGC","AGC","2","6.73785741731513","0.0400620775034376","1","3556535","2.81172545750288e-07","157","5231540","3.00102837787726e-05","6.72195228624932","0.0354739756605562","1","3556535","2.81172545750288e-07","102","3436513","2.96812495689671e-05","FALSE","FALSE","M388S","6.72990485178222","0.0377680265819969"
"580","M","388","V","A","G","1162","missense_variant","ATG","GTG","GTG","1","0.189788311418908","0.0085428022335511","90","3556535","2.53055291175259e-05","151","5231540","2.88633939528322e-05","0.796078587273227","0.00694965172444781","90","3556535","2.53055291175259e-05","151","3436513","4.39398890677847e-05","FALSE","FALSE","M388V","0.492933449346067","0.00774622697899946"
"581","M","388","W","AT","TG","1162","missense_variant","ATG","TGG","TGG","2","0.875966730648512","0.0118457372102878","233","3556535","6.55132031598171e-05","629","5231540","0.000120232283419414","-0.237230372340709","0.00197579622442191","233","3556535","6.55132031598171e-05","191","3436513","5.55795947811052e-05","FALSE","FALSE","M388W","0.319368179153902","0.00691076671735484"
"582","M","388","Y","ATG","TAC","1162","missense_variant","ATG","TAC","TAC","3","-10.5763540599344","-0.0432802618651329","519","3556535","0.000145928551244399","0.5","5231540","9.55741521616962e-08","-9.97006378408006","-0.0448734123742362","519","3556535","0.000145928551244399","0.5","3436513","1.45496321416506e-07","FALSE","FALSE","M388Y","-10.2732089220072","-0.0440768371196845"
"583","N","322","A","AAC","GCT","964","missense_variant","AAC","GCT","GCC","2","-0.408166251431925","0.00566453473811353","785","1776413","0.000441901742443902","805","2417355.1","0.000333008584464897","1.66910731357206","0.0111519947812664","785","1776413","0.000441901742443902","2278","1620976.2","0.00140532600046811","FALSE","FALSE","N322A","0.63047053107007","0.00840826475968998"
"584","N","322","C","AA","TG","964","missense_variant","AAC","TGC","TGC","2","-1.05481019979599","0.00255189981009479","1032","1776413","0.000580945984970837","676","2417355.1","0.000279644475898473","-1.53927312689569","-0.00429161533313565","1032","1776413","0.000580945984970837","324","1620976.2","0.000199879554061312","FALSE","FALSE","N322C","-1.29704166334584","-0.00086985776152043"
"585","N","322","C","AAC","TGC","964","missense_variant","AAC","TGC","TGC","2","-2.44446238065492","-0.00413722165602567","2","1776413","1.12586431195899e-06","0.5","2417355.1","2.06837630102421e-07","-0.867895874357058","-0.00105992609918264","2","1776413","1.12586431195899e-06","1","1620976.2","6.16912203892938e-07","FALSE","FALSE","N322C","-1.65617912750599","-0.00259857387760416"
"586","N","322","D","AAC","GAT","964","missense_variant","AAC","GAT","GAC","1","-8.31790649317029","-0.0324091746196815","469","1776413","0.000264015181154382","2","2417355.1","8.27350520409682e-07","-3.12663014275723","-0.0119323933892917","469","1776413","0.000264015181154382","49","1620976.2","3.0228697990754e-05","FALSE","FALSE","N322D","-5.72226831796376","-0.0221707840044866"
"587","N","322","E","AAC","GAG","964","missense_variant","AAC","GAG","GAG","2","-3.21556431434867","-0.00784893784536004","1454","1776413","0.000818503354794184","213","2417355.1","8.81128304236312e-05","-0.947442673574554","-0.00144282637418386","1454","1776413","0.000818503354794184","688","1620976.2","0.000424435596278341","FALSE","FALSE","N322E","-2.08150349396161","-0.00464588210977195"
"588","N","322","F","AA","TT","964","missense_variant","AAC","TTC","TTC","2","-7.53897997943921","-0.0286597946415142","410","1776413","0.000230802183951592","3","2417355.1","1.24102578061452e-06","-2.00821716275447","-0.00654888780741286","410","1776413","0.000230802183951592","93","1620976.2","5.73728349620432e-05","FALSE","FALSE","N322F","-4.77359857109684","-0.0176043412244635"
"589","N","322","G","AAC","GGT","964","missense_variant","AAC","GGT","GGC","2","-1.36162131171726","0.00107505774625664","846","1776413","0.000476240603958651","448","2417355.1","0.000185326516571769","-0.435062792114165","0.00102352550227383","846","1776413","0.000476240603958651","571","1620976.2","0.000352256868422868","FALSE","FALSE","N322G","-0.898342051915713","0.00104929162426524"
"590","N","322","I","A","T","965","missense_variant","AAC","ATC","ATC","1","-5.91206793073791","-0.0208286175611232","177","1776413","9.96389916083704e-05","4","2417355.1","1.65470104081936e-06","-6.33550142444006","-0.0273783661787239","177","1776413","9.96389916083704e-05","2","1620976.2","1.23382440778588e-06","FALSE","FALSE","N322I","-6.12378467758898","-0.0241034918699236"
"591","N","322","K","C","G","966","missense_variant","AAC","AAG","AAG","1","-2.31492122485365","-0.00351367244137201","479","1776413","0.000269644502714177","131","2417355.1","5.41914590868342e-05","-1.77177772009324","-0.00541078132787259","479","1776413","0.000269644502714177","128","1620976.2","7.89647620982961e-05","FALSE","FALSE","N322K","-2.04334947247344","-0.0044622268846223"
"592","N","322","L","AAC","CTG","964","missense_variant","AAC","CTG","CTC","2","-2.25765227544261","-0.00323800708847001","991","1776413","0.000557865766575678","282","2417355.1","0.000116656423377765","-5.57270960809996","-0.0237066509228188","991","1776413","0.000557865766575678","19","1620976.2","1.17213318739658e-05","FALSE","FALSE","N322L","-3.91518094177129","-0.0134723290056444"
"593","N","322","M","AC","TG","965","missense_variant","AAC","ATG","ATG","2","0.295077157175117","0.00904961241813671","112","1776413","6.30484014697033e-05","187","2417355.1","7.73572736583053e-05","0.894604811916286","0.00742390988293776","112","1776413","6.30484014697033e-05","190","1620976.2","0.000117213318739658","FALSE","FALSE","N322M","0.594840984545701","0.00823676115053723"
"594","N","322","P","AAC","CCT","964","missense_variant","AAC","CCT","CCC","2","4.00475743335832","0.0269062403640758","58","1776413","3.26500650468106e-05","1267","2417355.1","0.000524126554679534","-6.72587686948463","-0.029257447005755","58","1776413","3.26500650468106e-05","0.5","1620976.2","3.08456101946469e-07","FALSE","FALSE","N322P","-1.36055971806315","-0.0011756033208396"
"595","N","322","Q","AAC","CAG","964","missense_variant","AAC","CAG","CAG","2","-0.43230476622868","0.00554834346398663","2127","1776413","0.00119735669576838","2145","2417355.1","0.000887333433139384","-0.972673481558619","-0.00156427542569361","2127","1776413","0.00119735669576838","989","1620976.2","0.000610126169650116","FALSE","FALSE","N322Q","-0.70248912389365","0.00199203401914651"
"596","N","322","R","AC","GA","965","missense_variant","AAC","AGA","AGA","2","-9.31482710023832","-0.0372078739810101","936","1776413","0.000526904497996806","2","2417355.1","8.27350520409682e-07","-9.73826059394046","-0.0437576225986107","936","1776413","0.000526904497996806","1","1620976.2","6.16912203892938e-07","FALSE","FALSE","N322R","-9.52654384708939","-0.0404827482898104"
"597","N","322","S","A","G","965","missense_variant","AAC","AGC","AGC","1","0.108981771145835","0.00815383816715468","1234","1776413","0.000694658280478695","1811","2417355.1","0.000749165896230967","-0.974631224749571","-0.00157369906578436","1234","1776413","0.000694658280478695","573","1620976.2","0.000353490692830654","FALSE","FALSE","N322S","-0.432824726801868","0.00329006955068516"
"598","N","322","T","A","C","965","missense_variant","AAC","ACC","ACC","1","-7.61438738209723","-0.0290227698397487","72","1776413","4.05311152305235e-05","0.5","2417355.1","2.06837630102421e-07","-7.03782087579937","-0.0307589963701275","72","1776413","4.05311152305235e-05","0.5","1620976.2","3.08456101946469e-07","FALSE","FALSE","N322T","-7.3261041289483","-0.0298908831049381"
"599","N","322","W","AAC","TGG","964","missense_variant","AAC","TGG","TGG","3","-0.402468291990288","0.00569196199173795","237","1776413","0.00013341492096714","244","2417355.1","0.000100936763489981","-8.75663912325532","-0.0390325659681766","237","1776413","0.00013341492096714","0.5","1620976.2","3.08456101946469e-07","FALSE","FALSE","N322W","-4.5795537076228","-0.0166703019882193"
"600","N","322","Y","A","T","964","missense_variant","AAC","TAC","TAC","1","-4.30688554736758","-0.0131020367047507","1789","1776413","0.00100708562704731","123","2417355.1","5.08820570051955e-05","-2.06920720142277","-0.00684246470564325","1789","1776413","0.00100708562704731","389","1620976.2","0.000239978847314353","FALSE","FALSE","N322Y","-3.18804637439518","-0.009972250705197"
"601","N","331","A","AAC","GCT","991","missense_variant","AAC","GCT","GCC","2","-0.52200514186","0.00511656872465317","112","1746472","6.41292846378299e-05","113","2530237.3","4.46598427744307e-05","2.20516450678413","0.0137323179208069","112","1746472","6.41292846378299e-05","508","1717855.6","0.000295717521309707","FALSE","FALSE","N331A","0.841579682462066","0.00942444332273001"
"602","N","331","C","AA","TG","991","missense_variant","AAC","TGC","TGC","2","-0.781743922688101","0.00386631036622903","178","1746472","0.000101919755942265","150","2530237.3","5.92829771342e-05","0.309652543547652","0.00460822921917482","178","1746472","0.000101919755942265","217","1717855.6","0.00012632027977206","FALSE","FALSE","N331C","-0.236045689570225","0.00423726979270193"
"603","N","331","D","AAC","GAT","991","missense_variant","AAC","GAT","GAC","1","2.6410481537783","0.020341995626268","215","1746472","0.000123105323188691","1943","2530237.3","0.000767912163811671","-0.0448780080144439","0.00290168857863573","215","1746472","0.000123105323188691","205","1717855.6","0.000119334826512776","FALSE","FALSE","N331D","1.29808507288193","0.0116218421024518"
"604","N","331","E","AAC","GAG","991","missense_variant","AAC","GAG","GAG","2","-1.55360638924821","0.000150933335144406","464","1746472","0.000265678464928152","229","2530237.3","9.05053450915454e-05","-2.3584128220916","-0.00823456234848136","464","1746472","0.000265678464928152","89","1717855.6","5.18087783396928e-05","FALSE","FALSE","N331E","-1.95600960566991","-0.00404181450666848"
"605","N","331","F","AA","TT","991","missense_variant","AAC","TTC","TTC","2","0.354359411657476","0.00933496885946785","656","1746472","0.000375614381450146","1215","2530237.3","0.00048019211478702","0.205441548559518","0.00410660729306807","656","1746472","0.000375614381450146","744","1717855.6","0.000433098102075634","FALSE","FALSE","N331F","0.279900480108497","0.00672078807626796"
"606","N","331","F","AAC","TTC","991","missense_variant","AAC","TTC","TTC","2","0.465170817782416","0.00986836201036636","1","1746472","5.72582898552052e-07","2","2530237.3","7.90439695122667e-07","1.02383474206957","0.00804596100606073","1","1746472","5.72582898552052e-07","2","1717855.6","1.16424220988074e-06","FALSE","FALSE","N331F","0.744502779925993","0.00895716150821354"
"607","N","331","G","AAC","GGT","991","missense_variant","AAC","GGT","GGC","2","-10.9736210347958","-0.0451925152231524","694","1746472","0.000397372531595124","0.5","2530237.3","1.97609923780667e-07","-3.28567409356372","-0.0126979549593378","694","1746472","0.000397372531595124","70","1717855.6","4.07484773458258e-05","FALSE","FALSE","N331G","-7.12964756417978","-0.0289452350912451"
"608","N","331","H","A","C","991","missense_variant","AAC","CAC","CAC","1","3.55263365903276","0.0247299325902016","2","1746472","1.1451657971041e-06","34","2530237.3","1.34374748170853e-05","1.34576283695693","0.00959556900129829","2","1746472","1.1451657971041e-06","5","1717855.6","2.91060552470184e-06","FALSE","FALSE","N331H","2.44919824799484","0.0171627507957499"
"609","N","331","K","C","G","993","missense_variant","AAC","AAG","AAG","1","4.14485197575671","0.0275805885382097","35","1746472","2.00404014493218e-05","897","2530237.3","0.000354512203262516","-5.1054482748754","-0.0214574781748376","35","1746472","2.00404014493218e-05","1","1717855.6","5.82121104940369e-07","FALSE","FALSE","N331K","-0.480298149559343","0.00306155518168604"
"610","N","331","L","AAC","CTG","991","missense_variant","AAC","CTG","CTC","2","-2.04014218629918","-0.00219101747018453","599","1746472","0.000342977156232679","211","2530237.3","8.33913878354414e-05","-3.18020963769076","-0.0121902994715765","599","1746472","0.000342977156232679","65","1717855.6","3.7837871821124e-05","FALSE","FALSE","N331L","-2.61017591199497","-0.00719065847088051"
"611","N","331","M","AC","TG","992","missense_variant","AAC","ATG","ATG","2","1.03570624786829","0.0126146469046273","67","1746472","3.83630542029875e-05","199","2530237.3","7.86487496647054e-05","2.45360057849897","0.0149281704392688","67","1746472","3.83630542029875e-05","361","1717855.6","0.000210145718883473","FALSE","FALSE","N331M","1.74465341318363","0.0137714086719481"
"612","N","331","P","AAC","CCT","991","missense_variant","AAC","CCT","CCC","2","-8.08941803389522","-0.0313093403742857","94","1746472","5.38227924638929e-05","0.5","2530237.3","1.97609923780667e-07","-0.672773114480495","-0.000120698384797118","94","1746472","5.38227924638929e-05","58","1717855.6","3.37630240865414e-05","FALSE","FALSE","N331P","-4.38109557418786","-0.0157150193795414"
"613","N","331","R","AC","GA","992","missense_variant","AAC","AGA","AGA","2","-2.53482918221758","-0.00457220425129917","2","1746472","1.1451657971041e-06","0.5","2530237.3","1.97609923780667e-07","4.54739669812658","0.0250067043072358","2","1746472","1.1451657971041e-06","46","1717855.6","2.6777570827257e-05","FALSE","FALSE","N331R","1.0062837579545","0.0102172500279683"
"614","N","331","S","A","G","992","missense_variant","AAC","AGC","AGC","1","-0.254721263024849","0.0064031455789845","126","1746472","7.21454452175586e-05","153","2530237.3","6.0468636676884e-05","0.497765930401983","0.00551371716170025","126","1746472","7.21454452175586e-05","175","1717855.6","0.000101871193364565","FALSE","FALSE","N331S","0.121522333688567","0.00595843137034237"
"615","N","331","T","A","C","992","missense_variant","AAC","ACC","ACC","1","1.05013331850357","0.0126840919277842","1","1746472","5.72582898552052e-07","3","2530237.3","1.185659542684e-06","1.02383474206957","0.00804596100606073","1","1746472","5.72582898552052e-07","2","1717855.6","1.16424220988074e-06","FALSE","FALSE","N331T","1.03698403028657","0.0103650264669224"
"616","N","331","V","AAC","GTG","991","missense_variant","AAC","GTG","GTC","2","1.57738032136844","0.0152220070214957","136","1746472","7.78712742030791e-05","588","2530237.3","0.000232389270366064","1.89056821120611","0.0122180017034839","136","1746472","7.78712742030791e-05","496","1717855.6","0.000288732068050423","FALSE","FALSE","N331V","1.73397426628727","0.0137200043624898"
"617","N","331","W","AAC","TGG","991","missense_variant","AAC","TGG","TGG","3","1.44738150433889","0.0145962548444113","204","1746472","0.000116806911304619","806","2530237.3","0.000318547197134435","0.0656549177641975","0.00343374125823647","204","1746472","0.000116806911304619","210","1717855.6","0.000122245432037477","FALSE","FALSE","N331W","0.756518211051543","0.00901499805132387"
"618","N","331","Y","A","T","991","missense_variant","AAC","TAC","TAC","1","0.155535999086483","0.00837792797160055","409","1746472","0.000234186405507789","660","2530237.3","0.00026084509939048","-6.06715979015102","-0.0260866977951524","409","1746472","0.000234186405507789","6","1717855.6","3.49272662964221e-06","FALSE","FALSE","N331Y","-2.95581189553227","-0.00885438491177593"
"619","N","336","F","AA","TT","1006","missense_variant","AAC","TTC","TTC","2","-0.577649664782428","0.00484872258453314","262","1723497","0.000152016510617657","259","2542722","0.00010185934600794","-2.14314315964618","-0.00719835707359152","262","1723497","0.000152016510617657","60","1743455.5","3.44144143627411e-05","FALSE","FALSE","N336F","-1.3603964122143","-0.00117481724452919"
"620","N","336","H","A","C","1006","missense_variant","AAC","CAC","CAC","1","-8.10792941081917","-0.031398445295974","187","1723497","0.000108500333914129","1","2542722","3.93279328215983e-07","-2.60930890321801","-0.00944225617658071","187","1723497","0.000108500333914129","31","1743455.5","1.77807807540829e-05","FALSE","FALSE","N336H","-5.35861915701859","-0.0204203507362774"
"621","N","336","I","A","T","1007","missense_variant","AAC","ATC","ATC","1","2.91027076799406","0.0216379046261751","198","1723497","0.000114882706497313","2196","2542722","0.000863641404762298","1.4147285578907","0.00992753702227415","198","1723497","0.000114882706497313","534","1743455.5","0.000306288287828396","FALSE","FALSE","N336I","2.16249966294238","0.0157827208242246"
"622","N","336","K","C","G","1008","missense_variant","AAC","AAG","AAG","1","-0.340621806954358","0.00598966141347544","521","1723497","0.000302292374167173","607","2542722","0.000238720552227101","-8.04175031599576","-0.035591432904525","521","1723497","0.000302292374167173","2","1743455.5","1.1471471454247e-06","FALSE","FALSE","N336K","-4.19118606147506","-0.0148008857455248"
"623","N","336","R","AC","GA","1007","missense_variant","AAC","AGA","AGA","2","3.19525800194308","0.023009696971365","76","1723497","4.40963923929081e-05","1027","2542722","0.000403897870077814","0.364818352918777","0.0048737710610422","76","1723497","4.40963923929081e-05","99","1743455.5","5.67837836985228e-05","FALSE","FALSE","N336R","1.78003817743093","0.0139417340162036"
"624","N","336","S","A","G","1007","missense_variant","AAC","AGC","AGC","1","4.0359001914557","0.0270561467180345","35","1723497","2.0307549128313e-05","847","2542722","0.000333107590998937","0.582026683900986","0.00591930815975365","35","1723497","2.0307549128313e-05","53","1743455.5","3.03993993537547e-05","FALSE","FALSE","N336S","2.30896343767834","0.0164877274388941"
"625","N","336","T","A","C","1007","missense_variant","AAC","ACC","ACC","1","-6.27528046859765","-0.022576949134467","210","1723497","0.000121845294769878","4","2542722","1.57311731286393e-06","-1.84821322202153","-0.0057787053046523","210","1723497","0.000121845294769878","59","1743455.5","3.38408407900288e-05","FALSE","FALSE","N336T","-4.06174684530959","-0.0141778272195596"
"626","N","336","V","AAC","GTG","1006","missense_variant","AAC","GTG","GTC","2","0.5539575713584","0.0102957390097571","229","1723497","0.000132869392868105","496","2542722","0.000195066546795127","0.591268684395461","0.00596379473326392","229","1723497","0.000132869392868105","349","1743455.5","0.000200177176876611","FALSE","FALSE","N336V","0.57261312787693","0.0081297668715105"
"627","N","336","W","AAC","TGG","1006","missense_variant","AAC","TGG","TGG","3","-0.0859866145759769","0.00721535353617275","1136","1723497","0.000659125023136101","1579","2542722","0.000620988059253037","0.448351970893279","0.00527586197618801","1136","1723497","0.000659125023136101","1568","1743455.5","0.000899363362012968","FALSE","FALSE","N336W","0.181182678158651","0.00624560775618038"
"628","N","336","Y","A","T","1006","missense_variant","AAC","TAC","TAC","1","-1.76590454502039","-0.000870968526741417","491","1723497","0.000284885903485762","213","2542722","8.37684969100043e-05","-3.95618996803194","-0.0159254979309234","491","1723497","0.000284885903485762","32","1743455.5","1.83543543267953e-05","FALSE","FALSE","N336Y","-2.86104725652616","-0.00839823322883243"
"629","N","358","H","A","C","1072","missense_variant","AAC","CAC","CAC","1","-2.55709599984287","-0.00467938606975064","2","3555715","5.6247477652174e-07","0.5","5231540","9.55741521616962e-08","-1.95080572398855","-0.00627253657885393","2","3555715","5.6247477652174e-07","0.5","3436513","1.45496321416506e-07","FALSE","FALSE","N358H","-2.25395086191571","-0.00547596132430229"
"630","N","358","I","A","T","1073","missense_variant","AAC","ATC","ATC","1","1.44290400015713","0.0145747022791367","2","3555715","5.6247477652174e-07","8","5231540","1.52918643458714e-06","1.04919427601145","0.0081680296828116","2","3555715","5.6247477652174e-07","4","3436513","1.16397057133205e-06","FALSE","FALSE","N358I","1.24604913808429","0.0113713659809742"
"631","N","358","K","C","G","1074","missense_variant","AAC","AAG","AAG","1","-4.14205850056403","-0.0123086380743903","6","3555715","1.68742432956522e-06","0.5","5231540","9.55741521616962e-08","-3.53576822470971","-0.0139017885834936","6","3555715","1.68742432956522e-06","0.5","3436513","1.45496321416506e-07","FALSE","FALSE","N358K","-3.83891336263687","-0.0131052133289419"
"632","N","358","S","A","G","1073","missense_variant","AAC","AGC","AGC","1","-1.91073295445757","-0.00156810327442453","23","3555715","6.46845993000001e-06","9","5231540","1.72033473891053e-06","-1.66701275798796","-0.00490649286881189","23","3555715","6.46845993000001e-06","7","3436513","2.03694849983108e-06","FALSE","FALSE","N358S","-1.78887285622277","-0.00323729807161821"
"633","N","358","T","A","C","1073","missense_variant","AAC","ACC","ACC","1","-0.14205850056403","0.00694545027449707","3","3555715","8.43712164782611e-07","4","5231540","7.64593217293569e-07","-1.53576822470971","-0.0042747444090499","3","3555715","8.43712164782611e-07","1","3436513","2.90992642833011e-07","FALSE","FALSE","N358T","-0.83891336263687","0.00133535293272359"
"634","N","358","Y","A","T","1072","missense_variant","AAC","TAC","TAC","1","-1.87902409473024","-0.00141547197776637","5","3555715","1.40618694130435e-06","2","5231540","3.82296608646785e-07","-1.27273381887592","-0.00300862248686966","5","3555715","1.40618694130435e-06","2","3436513","5.81985285666023e-07","FALSE","FALSE","N358Y","-1.57587895680308","-0.00221204723231801"
"635","N","368","A","AAC","GCT","1102","missense_variant","AAC","GCT","GCC","2","-1.32761415372011","0.00123875195239958","29","3555715","8.15588425956523e-06","17","5231540","3.24952117349767e-06","-0.486858624228764","0.000774205120364179","29","3555715","8.15588425956523e-06","20","3436513","5.81985285666022e-06","FALSE","FALSE","N368A","-0.907236388974435","0.00100647853638188"
"636","N","368","C","AA","TG","1102","missense_variant","AAC","TGC","TGC","2","-6.36445092190048","-0.0230061730809677","28","3555715","7.87464687130436e-06","0.5","5231540","9.55741521616962e-08","-5.75816064604616","-0.024599323590071","28","3555715","7.87464687130436e-06","0.5","3436513","1.45496321416506e-07","FALSE","FALSE","N368C","-6.06130578397332","-0.0238027483355194"
"637","N","368","D","AAC","GAT","1102","missense_variant","AAC","GAT","GAC","1","-2.33845571336753","-0.00362695622164508","55","3555715","1.54680563543479e-05","16","5231540","3.05837286917428e-06","-0.977277935349745","-0.00158643906571679","55","3555715","1.54680563543479e-05","27","3436513","7.8568013564913e-06","FALSE","FALSE","N368D","-1.65786682435864","-0.00260669764368093"
"638","N","368","E","AAC","GAG","1102","missense_variant","AAC","GAG","GAG","2","-4.41507699497045","-0.0136228186274356","58","3555715","1.63117685191305e-05","4","5231540","7.64593217293569e-07","-2.48685862422876","-0.00885283905407951","58","3555715","1.63117685191305e-05","10","3436513","2.90992642833011e-06","FALSE","FALSE","N368E","-3.45096780959961","-0.0112378288407576"
"639","N","368","F","AA","TT","1102","missense_variant","AAC","TTC","TTC","2","-0.820130405676668","0.0036815361825128","48","3555715","1.34993946365218e-05","40","5231540","7.64593217293569e-06","2.4472253499846","0.0148974831360038","48","3555715","1.34993946365218e-05","253","3436513","7.36211386367519e-05","FALSE","FALSE","N368F","0.813547472153966","0.00928950965925832"
"640","N","368","G","AAC","GGT","1102","missense_variant","AAC","GGT","GGC","2","-3.78591469033876","-0.0105943319776436","75","3555715","2.10928041195653e-05","8","5231540","1.52918643458714e-06","-1.00969941304212","-0.00174250056468942","75","3555715","2.10928041195653e-05","36","3436513","1.04757351419884e-05","FALSE","FALSE","N368G","-2.39780705169044","-0.0061684162711665"
"641","N","368","H","A","C","1102","missense_variant","AAC","CAC","CAC","1","-3.80502351328646","-0.0106863127189632","19","3555715","5.34351037695653e-06","2","5231540","3.82296608646785e-07","-1.02880823598983","-0.001834481306009","19","3555715","5.34351037695653e-06","9","3436513","2.6189337854971e-06","FALSE","FALSE","N368H","-2.41691587463814","-0.00626039701248609"
"642","N","368","I","A","T","1103","missense_variant","AAC","ATC","ATC","1","-2.69459952359281","-0.00534126231839179","44","3555715","1.23744450834783e-05","10","5231540","1.91148304323392e-06","-0.655349840462383","-3.68310704792183e-05","44","3555715","1.23744450834783e-05","27","3436513","7.8568013564913e-06","FALSE","FALSE","N368I","-1.6749746820276","-0.0026890466944355"
"643","N","368","K","C","G","1104","missense_variant","AAC","AAG","AAG","1","-3.14205850056403","-0.00749511598716845","3","3555715","8.43712164782611e-07","0.5","5231540","9.55741521616962e-08","-0.53576822470971","0.000538777678171946","3","3555715","8.43712164782611e-07","2","3436513","5.81985285666023e-07","FALSE","FALSE","N368K","-1.83891336263687","-0.00347816915449825"
"644","N","368","L","AAC","CTG","1102","missense_variant","AAC","CTG","CTC","2","0.217344299741995","0.00867544359197951","38","3555715","1.06870207539131e-05","65","5231540","1.24246397810205e-05","0.755463072954736","0.00675414804919188","38","3555715","1.06870207539131e-05","62","3436513","1.80415438556467e-05","FALSE","FALSE","N368L","0.486403686348365","0.00771479582058569"
"645","N","368","M","AC","TG","1103","missense_variant","AAC","ATG","ATG","2","-5.68637901678784","-0.0197422589889834","70","3555715","1.96866171782609e-05","2","5231540","3.82296608646785e-07","0.0898362605087918","0.00355013868563626","70","3555715","1.96866171782609e-05","72","3436513","2.09514702839768e-05","FALSE","FALSE","N368M","-2.79827137813952","-0.0080960601516736"
"646","N","368","P","AAC","CCT","1102","missense_variant","AAC","CCT","CCC","2","-5.25753571798397","-0.0176780122982339","13","3555715","3.65608604739131e-06","0.5","5231540","9.55741521616962e-08","-4.65124544212965","-0.0192711628073372","13","3555715","3.65608604739131e-06","0.5","3436513","1.45496321416506e-07","FALSE","FALSE","N368P","-4.95439058005681","-0.0184745875527856"
"647","N","368","Q","AAC","CAG","1102","missense_variant","AAC","CAG","CAG","2","0.835221422935886","0.0116496087716624","40","3555715","1.12494955304348e-05","105","5231540","2.00705719539562e-05","-6.27273381887592","-0.0270762329229789","40","3555715","1.12494955304348e-05","0.5","3436513","1.45496321416506e-07","FALSE","FALSE","N368Q","-2.71875619797002","-0.00771331207565824"
"648","N","368","R","AC","GA","1103","missense_variant","AAC","AGA","AGA","2","-3.55709599984287","-0.00949290815697249","4","3555715","1.12494955304348e-06","0.5","5231540","9.55741521616962e-08","-0.365843223267398","0.00135671542578572","4","3555715","1.12494955304348e-06","3","3436513","8.72977928499034e-07","FALSE","FALSE","N368R","-1.96146961155514","-0.00406809636559338"
"649","N","368","S","A","G","1103","missense_variant","AAC","AGC","AGC","1","3.17986959432333","0.0229356245314002","3","3555715","8.43712164782611e-07","40","5231540","7.64593217293569e-06","2.92366339392759","0.0171908281837162","3","3555715","8.43712164782611e-07","22","3436513","6.40183814232625e-06","FALSE","FALSE","N368S","3.05176649412546","0.0200632263575582"
"650","N","368","T","A","C","1103","missense_variant","AAC","ACC","ACC","1","-6.60149011920133","-0.0241471664927127","66","3555715","1.85616676252174e-05","1","5231540","1.91148304323392e-07","-5.99519984334701","-0.025740317001816","66","3555715","1.85616676252174e-05","1","3436513","2.90992642833011e-07","FALSE","FALSE","N368T","-6.29834498127417","-0.0249437417472643"
"651","N","368","V","AAC","GTG","1102","missense_variant","AAC","GTG","GTC","2","-7.11168485152051","-0.0266030001055153","47","3555715","1.32181572482609e-05","0.5","5231540","9.55741521616962e-08","-2.18346648077883","-0.00739245427049367","47","3555715","1.32181572482609e-05","10","3436513","2.90992642833011e-06","FALSE","FALSE","N368V","-4.64757566614967","-0.0169977271880045"
"652","N","368","W","AAC","TGG","1102","missense_variant","AAC","TGG","TGG","3","-6.64455884109321","-0.0243544787368077","34","3555715","9.56207120086959e-06","0.5","5231540","9.55741521616962e-08","-6.03826856523889","-0.025947629245911","34","3555715","9.56207120086959e-06","0.5","3436513","1.45496321416506e-07","FALSE","FALSE","N368W","-6.34141370316605","-0.0251510539913593"
"653","N","368","Y","A","T","1102","missense_variant","AAC","TAC","TAC","1","-0.919666079227583","0.00320241901940897","36","3555715","1.01245459773913e-05","28","5231540","5.35215252105499e-06","-1.7988026305435","-0.00554086633123014","36","3555715","1.01245459773913e-05","10","3436513","2.90992642833011e-06","FALSE","FALSE","N368Y","-1.35923435488554","-0.00116922365591058"
"654","N","374","A","AAC","GCT","1120","missense_variant","AAC","GCT","GCC","2","-4.94941342262163","-0.0161948588239418","42","3555715","1.18119703069565e-05","2","5231540","3.82296608646785e-07","-1.09519563332373","-0.00215403850938891","42","3555715","1.18119703069565e-05","19","3436513","5.52886021382721e-06","FALSE","FALSE","N374A","-3.02230452797268","-0.00917444866666538"
"655","N","374","C","AA","TG","1120","missense_variant","AAC","TGC","TGC","2","0.490209714935483","0.00998888729485232","15","3555715","4.21856082391305e-06","31","5231540","5.92559743402516e-06","-0.857696319597073","-0.00101083031706562","15","3555715","4.21856082391305e-06","8","3436513","2.32794114266409e-06","FALSE","FALSE","N374C","-0.183743302330795","0.00448902848889335"
"656","N","374","D","AAC","GAT","1120","missense_variant","AAC","GAT","GAC","1","0.665296421493574","0.0108316710240486","15","3555715","4.21856082391305e-06","35","5231540","6.69019065131873e-06","0.229766521653266","0.00422369608832591","15","3555715","4.21856082391305e-06","17","3436513","4.94687492816119e-06","FALSE","FALSE","N374D","0.44753147157342","0.00752768355618726"
"657","N","374","E","AAC","GAG","1120","missense_variant","AAC","GAG","GAG","2","0.392277927087158","0.00951749047100328","29","3555715","8.15588425956523e-06","56","5231540","1.070430504211e-05","-1.00143179705852","-0.00170270421254369","29","3555715","8.15588425956523e-06","14","3436513","4.07389699966216e-06","FALSE","FALSE","N374E","-0.304576934985682","0.0039073931292298"
"658","N","374","F","AA","TT","1120","missense_variant","AAC","TTC","TTC","2","-0.220061012565303","0.00656998346012016","38","3555715","1.06870207539131e-05","48","5231540","9.17511860752283e-06","0.951013882072542","0.00769543618805454","38","3555715","1.06870207539131e-05","71","3436513","2.06604776411438e-05","FALSE","FALSE","N374F","0.36547643475362","0.00713270982408735"
"659","N","374","G","AAC","GGT","1120","missense_variant","AAC","GGT","GGC","2","-1.01652761848017","0.00273617386081433","66","3555715","1.85616676252174e-05","48","5231540","9.17511860752283e-06","-0.3804899992318","0.00128621284617448","66","3555715","1.85616676252174e-05","49","3436513","1.42586394988176e-05","FALSE","FALSE","N374G","-0.698508808855985","0.0020111933534944"
"660","N","374","I","A","T","1121","missense_variant","AAC","ATC","ATC","1","4.99749285183476","0.0316847942276796","2","3555715","5.6247477652174e-07","94","5231540","1.79679406063989e-05","5.04919427601145","0.027422118031699","2","3555715","5.6247477652174e-07","64","3436513","1.86235291413127e-05","FALSE","FALSE","N374I","5.0233435639231","0.0295534561296893"
"661","N","374","K","C","G","1122","missense_variant","AAC","AAG","AAG","1","1.14334371829822","0.0131327622459545","8","3555715","2.24989910608696e-06","26","5231540","4.9698559124082e-06","3.04919427601145","0.0177950738572553","8","3555715","2.24989910608696e-06","64","3436513","1.86235291413127e-05","FALSE","FALSE","N374K","2.09626899715483","0.0154639180516049"
"662","N","374","M","AC","TG","1121","missense_variant","AAC","ATG","ATG","2","1.88768884283002","0.0167156839434042","9","3555715","2.53113649434783e-06","49","5231540","9.36626691184623e-06","2.33870089320643","0.0143750982662984","9","3555715","2.53113649434783e-06","44","3436513","1.28036762846525e-05","FALSE","FALSE","N374M","2.11319486801823","0.0155453911048513"
"663","N","374","P","AAC","CCT","1120","missense_variant","AAC","CCT","CCC","2","3.03478591481807","0.0222372610356062","52","3555715","1.46243441895652e-05","627","5231540","0.000119849986810767","2.31453884253244","0.0142587937017066","52","3555715","1.46243441895652e-05","250","3436513","7.27481607082528e-05","FALSE","FALSE","N374P","2.67466237867526","0.0182480273686564"
"664","N","374","Q","AAC","CAG","1120","missense_variant","AAC","CAG","CAG","2","-7.2009521896176","-0.0270326904091131","50","3555715","1.40618694130435e-05","0.5","5231540","9.55741521616962e-08","-1.13523029512598","-0.00234674623822851","50","3555715","1.40618694130435e-05","22","3436513","6.40183814232625e-06","FALSE","FALSE","N374Q","-4.16809124237179","-0.0146897183236708"
"665","N","374","R","AC","GA","1121","missense_variant","AAC","AGA","AGA","2","-1.33470357850643","0.00120462684960494","12","3555715","3.37484865913044e-06","7","5231540","1.33803813026375e-06","-1.53576822470971","-0.0042747444090499","12","3555715","3.37484865913044e-06","4","3436513","1.16397057133205e-06","FALSE","FALSE","N374R","-1.43523590160807","-0.00153505877972248"
"666","N","374","S","A","G","1121","missense_variant","AAC","AGC","AGC","1","-0.15047074038023","0.00690495777233879","43","3555715","1.20932076952174e-05","57","5231540","1.08954533464334e-05","0.752212538254314","0.00673850152861612","43","3555715","1.20932076952174e-05","70","3436513","2.03694849983108e-05","FALSE","FALSE","N374S","0.300870898937042","0.00682172965047745"
"667","N","374","T","A","C","1121","missense_variant","AAC","ACC","ACC","1","0.902335618794423","0.0119726644357936","20","3555715","5.6247477652174e-06","55","5231540","1.05131567377866e-05","0.681462491510959","0.006397944615945","20","3555715","5.6247477652174e-06","31","3436513","9.02077192782335e-06","FALSE","FALSE","N374T","0.791899055152691","0.0091853045258693"
"668","N","374","W","AAC","TGG","1120","missense_variant","AAC","TGG","TGG","3","1.21396279299174","0.0134726887217709","46","3555715","1.293691986e-05","157","5231540","3.00102837787726e-05","0.829413068131536","0.00711010798432536","46","3555715","1.293691986e-05","79","3436513","2.29884187838079e-05","FALSE","FALSE","N374W","1.02168793056164","0.0102913983530481"
"669","N","374","Y","A","T","1120","missense_variant","AAC","TAC","TAC","1","3.5089931906149","0.0245198682315755","4","3555715","1.12494955304348e-06","67","5231540","1.28069363896673e-05","2.50862589464874","0.0151930360139122","4","3555715","1.12494955304348e-06","22","3436513","6.40183814232625e-06","FALSE","FALSE","N374Y","3.00880954263182","0.0198564521227438"
"670","Q","333","C","CAG","TGC","997","missense_variant","CAG","TGC","TGC","3","1.6057776625676","0.0153586982505763","64","1795981","3.56351208615236e-05","280","2581621.4","0.000108458970784794","3.24798859415569","0.0187519746984568","64","1795981","3.56351208615236e-05","548","1618677.5","0.000338547981299549","FALSE","FALSE","Q333C","2.42688312836165","0.0170553364745165"
"671","Q","333","D","CAG","GAT","997","missense_variant","CAG","GAT","GAT","2","-2.52350535437737","-0.00451769675587839","2","1795981","1.11359752692261e-06","0.5","2581621.4","1.93676733544276e-07","-1.85004348880484","-0.00578751533423926","2","1795981","1.11359752692261e-06","0.5","1618677.5","3.08894143521486e-07","FALSE","FALSE","Q333D","-2.1867744215911","-0.00515260604505882"
"672","Q","333","E","C","G","997","missense_variant","CAG","GAG","GAG","1","5.03873706984371","0.0318833241820358","4","1795981","2.22719505384522e-06","189","2581621.4","7.32098052797362e-05","3.79381270096989","0.0213793110923451","4","1795981","2.22719505384522e-06","50","1618677.5","3.08894143521486e-05","FALSE","FALSE","Q333E","4.4162748854068","0.0266313176371904"
"673","Q","333","K","C","A","997","missense_variant","CAG","AAG","AAG","1","-0.133912871655986","0.00698465943916026","858","1795981","0.000477733339049801","1124","2581621.4","0.000435385297007532","0.54595244446862","0.00574566401146623","858","1795981","0.000477733339049801","1129","1618677.5","0.000697482976071515","FALSE","FALSE","Q333K","0.206019786406317","0.00636516172531324"
"674","Q","333","L","A","T","998","missense_variant","CAG","CTG","CTG","1","5.57452672858316","0.0344623595384832","4","1795981","2.22719505384522e-06","274","2581621.4","0.000106134849982263","5.06881974846976","0.0275165856768492","4","1795981","2.22719505384522e-06","121","1618677.5","7.47523827321996e-05","FALSE","FALSE","Q333L","5.32167323852646","0.0309894726076662"
"675","Q","333","N","CAG","AAC","997","missense_variant","CAG","AAC","AAC","2","-0.609661998127081","0.00469463051091515","69","1795981","3.84191146788301e-05","65","2581621.4","2.51779753607558e-05","-6.958567945583","-0.0303775106400539","69","1795981","3.84191146788301e-05","0.5","1618677.5","3.08894143521486e-07","FALSE","FALSE","Q333N","-3.78411497185504","-0.0128414400645694"
"676","Q","333","T","CAG","ACC","997","missense_variant","CAG","ACC","ACG","2","-1.52350535437737","0.000295825331343457","1","1795981","5.56798763461306e-07","0.5","2581621.4","1.93676733544276e-07","0.149956511195165","0.00383952884020443","1","1795981","5.56798763461306e-07","1","1618677.5","6.17788287042972e-07","FALSE","FALSE","Q333T","-0.686774421591101","0.00206767708577394"
"677","Q","333","V","CAG","GTG","997","missense_variant","CAG","GTG","GTG","2","-5.10846785509852","-0.0169604708477399","12","1795981","6.68158516153567e-06","0.5","2581621.4","1.93676733544276e-07","-4.43500598952599","-0.0182302894261008","12","1795981","6.68158516153567e-06","0.5","1618677.5","3.08894143521486e-07","FALSE","FALSE","Q333V","-4.77173692231226","-0.0175953801369203"
"678","Q","333","W","CA","TG","997","missense_variant","CAG","TGG","TGG","2","4.25173284348724","0.028095061955732","73","1795981","4.06463097326753e-05","1999","2581621.4","0.000774319580710014","-7.03986804768485","-0.0307688504772146","73","1795981","4.06463097326753e-05","0.5","1618677.5","3.08894143521486e-07","FALSE","FALSE","Q333W","-1.3940676020988","-0.00133689426074127"
"679","Q","333","Y","CAG","TAC","997","missense_variant","CAG","TAC","TAC","2","-8.47770166476424","-0.0331783522075804","124","1795981","6.9043046669202e-05","0.5","2581621.4","1.93676733544276e-07","1.07840325017013","0.00830862772506952","124","1795981","6.9043046669202e-05","236","1618677.5","0.000145798035742141","FALSE","FALSE","Q333Y","-3.69964920729706","-0.0124348622412554"
"680","Q","346","A","CAG","GCT","1036","missense_variant","CAG","GCT","GCG","2","-0.763722336589245","0.00395305766896264","214","1778198.5","0.000120346519244055","182","2567681.7","7.08810597512924e-05","-0.118516171079263","0.00254722965426078","214","1778198.5","0.000120346519244055","185","1668841.6","0.000110855338217839","FALSE","FALSE","Q346A","-0.441119253834254","0.00325014366161171"
"681","Q","346","C","CAG","TGC","1036","missense_variant","CAG","TGC","TGC","3","-10.1262397465312","-0.041113626675792","387","1778198.5","0.000217635995081539","0.5","2567681.7","1.94728186129924e-07","-9.50462040133884","-0.0426329903710601","387","1778198.5","0.000217635995081539","0.5","1668841.6","2.99609022210376e-07","FALSE","FALSE","Q346C","-9.81543007393502","-0.041873308523426"
"682","Q","346","D","CAG","GAT","1036","missense_variant","CAG","GAT","GAT","2","6.40068734717609","0.0384391019236731","1","1778198.5","5.62366912355398e-07","122","2567681.7","4.75136774157015e-05","0.0915693548055715","0.00355848097331305","1","1778198.5","5.62366912355398e-07","1","1668841.6","5.99218044420753e-07","FALSE","FALSE","Q346D","3.24612835099083","0.0209987914484931"
"683","Q","346","E","C","G","1036","missense_variant","CAG","GAG","GAG","1","-2.05261595397008","-0.00225106022637928","181","1778198.5","0.000101788411136327","63","2567681.7","2.45357514523704e-05","-7.40827653227763","-0.0325421928549219","181","1778198.5","0.000101788411136327","1","1668841.6","5.99218044420753e-07","FALSE","FALSE","Q346E","-4.73044624312386","-0.0173966265406506"
"684","Q","346","F","CAG","TTC","1036","missense_variant","CAG","TTC","TTC","3","0.629148604462459","0.0106576727083645","120","1778198.5","6.74840294826477e-05","268","2567681.7","0.000104374307765639","-7.81532124080295","-0.0345015115498952","120","1778198.5","6.74840294826477e-05","0.5","1668841.6","2.99609022210376e-07","FALSE","FALSE","Q346F","-3.59308631817024","-0.0119219194207654"
"685","Q","346","G","CAG","GGT","1036","missense_variant","CAG","GGT","GGG","2","-1.03700997910668","0.0026375815655402","162","1778198.5","9.11034398015745e-05","114","2567681.7","4.43980264376227e-05","-8.24828064807905","-0.0365855712196892","162","1778198.5","9.11034398015745e-05","0.5","1668841.6","2.99609022210376e-07","FALSE","FALSE","Q346G","-4.64264531359287","-0.0169739948270745"
"686","Q","346","H","G","C","1038","missense_variant","CAG","CAC","CAC","1","-0.093317420008632","0.00718006654230554","99","1778198.5","5.56743243231844e-05","134","2567681.7","5.21871538828197e-05","-2.28985975183045","-0.00790458063063244","99","1778198.5","5.56743243231844e-05","19","1668841.6","1.13851428439943e-05","FALSE","FALSE","Q346H","-1.19158858591954","-0.000362257044163447"
"687","Q","346","I","CAG","ATC","1036","missense_variant","CAG","ATC","ATC","3","1.40283581375467","0.0143818331788936","77","1778198.5","4.33022522513656e-05","294","2567681.7","0.000114500173444395","0.409745314831827","0.00509002798452244","77","1778198.5","4.33022522513656e-05","96","1668841.6","5.75249322643923e-05","FALSE","FALSE","Q346I","0.906290564293248","0.009735930581708"
"688","Q","346","K","C","A","1036","missense_variant","CAG","AAG","AAG","1","-0.116037496508715","0.00707070295224902","352","1778198.5","0.0001979531531491","469","2567681.7","0.000182655038589869","-2.28039942258139","-0.00785904312683967","352","1778198.5","0.0001979531531491","68","1668841.6","4.07468270206112e-05","FALSE","FALSE","Q346K","-1.19821845954505","-0.000394170087295323"
"689","Q","346","L","A","T","1037","missense_variant","CAG","CTG","CTG","1","-2.53004999038679","-0.0045491995058626","28","1778198.5","1.57462735459511e-05","7","2567681.7","2.72619460581894e-06","-1.90843064519443","-0.00606856320113064","28","1778198.5","1.57462735459511e-05","7","1668841.6","4.19452631094527e-06","FALSE","FALSE","Q346L","-2.21924031779061","-0.00530888135349662"
"690","Q","346","M","CA","AT","1036","missense_variant","CAG","ATG","ATG","2","-7.59613918084457","-0.0289349317199669","67","1778198.5","3.76785831278117e-05","0.5","2567681.7","1.94728186129924e-07","1.54904212040481","0.0105740583220493","67","1778198.5","3.76785831278117e-05","184","1668841.6","0.000110256120173418","FALSE","FALSE","Q346M","-3.02354853021988","-0.0091804366989588"
"691","Q","346","R","CAG","AGA","1036","missense_variant","CAG","AGA","CGG","1","1.38489423966043","0.0142954710157114","131","1778198.5","7.36700655185571e-05","494","2567681.7","0.000192391447896365","0.475998868154019","0.00540894092679574","131","1778198.5","7.36700655185571e-05","171","1668841.6","0.000102466285595949","FALSE","FALSE","Q346R","0.930446553907226","0.00985220597125359"
"692","Q","346","T","CAG","ACC","1036","missense_variant","CAG","ACC","ACG","2","-7.48424630077367","-0.0283963328703428","62","1778198.5","3.48667485660347e-05","0.5","2567681.7","1.94728186129924e-07","-0.308038103903666","0.00163496164459754","62","1778198.5","3.48667485660347e-05","47","1668841.6","2.81632480877754e-05","FALSE","FALSE","Q346T","-3.89614220233867","-0.0133806856128726"
"693","Q","346","W","CA","TG","1036","missense_variant","CAG","TGG","TGG","2","-2.52412515642969","-0.00452068018674695","243","1778198.5","0.000136655159702362","61","2567681.7","2.37568387078507e-05","-2.218533304685","-0.00756124920189474","243","1778198.5","0.000136655159702362","49","1668841.6","2.93616841766169e-05","FALSE","FALSE","Q346W","-2.37132923055735","-0.00604096469432085"
"694","Q","346","Y","CAG","TAC","1036","missense_variant","CAG","TAC","TAC","2","1.21411110518362","0.0134734026257823","40","1778198.5","2.24946764942159e-05","134","2567681.7","5.21871538828197e-05","-6.23035874008179","-0.0268722595452556","40","1778198.5","2.24946764942159e-05","0.5","1668841.6","2.99609022210376e-07","FALSE","FALSE","Q346Y","-2.50812381744909","-0.00669942845973664"
"695","R","328","A","AGG","GCT","982","missense_variant","AGG","GCT","GCG","2","-2.0906784387809","-0.00243427483771071","4576","1727249.7","0.00264929847722654","1528","2456684.5","0.000621976489044483","-2.22356534306975","-0.00758547102980348","4576","1727249.7","0.00264929847722654","949","1672997.1","0.000567245454280823","FALSE","FALSE","R328A","-2.15712189092533","-0.00500987293375709"
"696","R","328","D","AGG","GAT","982","missense_variant","AGG","GAT","GAT","3","0.901239278130824","0.0119673871757942","1007","1727249.7","0.000583007772414145","2675","2456684.5","0.00108886590850392","0.800663885864967","0.00697172316049566","1007","1727249.7","0.000583007772414145","1699","1672997.1","0.00101554270476619","FALSE","FALSE","R328D","0.850951581997896","0.00946955516814495"
"697","R","328","E","AG","GA","982","missense_variant","AGG","GAG","GAG","2","1.78911414212843","0.0162411924443358","296","1727249.7","0.000171370705694724","1455","2456684.5","0.000592261643690918","-0.0865960518905877","0.00270087785300222","296","1727249.7","0.000171370705694724","270","1672997.1","0.000161387010174734","FALSE","FALSE","R328E","0.851259045118923","0.00947103514866902"
"698","R","328","F","AGG","TTC","982","missense_variant","AGG","TTC","TTC","3","0.948113664267556","0.0121930180687884","426","1727249.7","0.000246634866979569","1169","2456684.5","0.000475844578333115","0.860154004920444","0.00725808016254066","426","1727249.7","0.000246634866979569","749","1672997.1","0.000447699520818058","FALSE","FALSE","R328F","0.904133834594","0.00972554911566451"
"699","R","328","G","AGG","GGT","982","missense_variant","AGG","GGT","GGG","1","0.0133875034898213","0.00769369304838067","1878","1727249.7","0.00108727765302261","2696","2456684.5","0.00109741401470152","-1.2571869874627","-0.00293378747047581","1878","1727249.7","0.00108727765302261","761","1672997.1","0.000454872276825824","FALSE","FALSE","R328G","-0.621899741986438","0.00237995278895243"
"700","R","328","I","GG","TC","983","missense_variant","AGG","ATC","ATC","2","1.05880466268563","0.0127258316345304","135","1727249.7","7.81589367188774e-05","400","2456684.5","0.000162821070430493","-1.47618502868566","-0.00398793937896087","135","1727249.7","7.81589367188774e-05","47","1672997.1","2.80932943637499e-05","FALSE","FALSE","R328I","-0.208690183000015","0.00436894612778477"
"701","R","328","K","G","A","983","missense_variant","AGG","AAG","AAG","1","0.520333222158508","0.0101338874622149","400","1727249.7","0.0002315820347226","816","2456684.5","0.000332154983678205","2.07284177603125","0.0130953795336863","400","1727249.7","0.0002315820347226","1630","1672997.1","0.000974299357721541","FALSE","FALSE","R328K","1.29658749909488","0.0116146334979506"
"702","R","328","L","AG","CT","982","missense_variant","AGG","CTG","CTG","2","0.551586565897989","0.0102843261226045","1677","1727249.7","0.000970907680574499","3496","2456684.5","0.00142305615556251","-1.25199732785264","-0.00290880692931765","1677","1727249.7","0.000970907680574499","682","1672997.1","0.000407651633108031","FALSE","FALSE","R328L","-0.350205380977327","0.00368775959664341"
"703","R","328","M","G","T","983","missense_variant","AGG","ATG","ATG","1","-0.198479881073466","0.00667386471322335","1833","1727249.7","0.00106122467411631","2272","2456684.5","0.000924823680045199","-0.410245061378302","0.00114298619732563","1833","1727249.7","0.00106122467411631","1336","1672997.1","0.000798566835531275","FALSE","FALSE","R328M","-0.304362471225884","0.00390842545527449"
"704","R","328","N","GG","AC","983","missense_variant","AGG","AAC","AAC","2","1.07981090118078","0.0128269456274963","623","1727249.7","0.000360689019080449","1873","2456684.5","0.000762409662290783","0.600581296834934","0.00600862119893107","623","1727249.7","0.000360689019080449","915","1672997.1","0.000546922645592153","FALSE","FALSE","R328N","0.840196099007858","0.00941778341321366"
"705","R","328","P","AGG","CCT","982","missense_variant","AGG","CCT","CCG","2","1.12919399057703","0.0130646522190404","549","1727249.7","0.000317846342656768","1708","2456684.5","0.000695245970738204","-1.33352143361048","-0.00330122501302402","549","1727249.7","0.000317846342656768","211","1672997.1","0.000126120959803218","FALSE","FALSE","R328P","-0.102163721516727","0.00488171360300817"
"706","R","328","Q","AG","CA","982","missense_variant","AGG","CAG","CAG","2","0.418321699026332","0.00964285274246707","272","1727249.7","0.000157475783611368","517","2456684.5","0.000210446233531412","-0.240521224642503","0.00195995563418144","272","1727249.7","0.000157475783611368","223","1672997.1","0.000133293715810984","FALSE","FALSE","R328Q","0.0889002371919144","0.00580140418832425"
"707","R","328","S","G","C","984","missense_variant","AGG","AGC","AGC","1","0.730407773408989","0.0111450859546223","1879","1727249.7","0.00108785660810941","4434","2456684.5","0.00180487156572201","-1.05821816523193","-0.00197604664999948","1879","1727249.7","0.00108785660810941","874","1672997.1","0.000522415729232286","FALSE","FALSE","R328S","-0.163905195911469","0.00458451965231143"
"708","R","328","T","GG","CC","983","missense_variant","AGG","ACC","ACG","1","1.28282574287289","0.0138041620520151","547","1727249.7","0.000316688432483155","1893","2456684.5","0.000770550715812307","0.347249475076833","0.0047892028795023","547","1727249.7","0.000316688432483155","674","1672997.1","0.00040286979576952","FALSE","FALSE","R328T","0.81503760897486","0.00929668246575868"
"709","R","328","V","AG","GT","982","missense_variant","AGG","GTG","GTG","2","0.208305068878698","0.00863193305456753","939","1727249.7","0.000543638826511303","1543","2456684.5","0.000628082279185626","0.526411465458569","0.00565160307739541","939","1727249.7","0.000543638826511303","1310","1672997.1","0.000783025864181115","FALSE","FALSE","R328V","0.367358267168633","0.00714176806598147"
"710","R","328","W","A","T","982","missense_variant","AGG","TGG","TGG","1","-0.465970203061253","0.00538629414021706","1480","1727249.7","0.000856853528473619","1524","2456684.5","0.000620348278340178","-2.25172006706908","-0.00772099441563389","1480","1727249.7","0.000856853528473619","301","1672997.1","0.000179916629861462","FALSE","FALSE","R328W","-1.35884513506517","-0.00116735013770841"
"711","R","328","Y","AGG","TAC","982","missense_variant","AGG","TAC","TAC","3","-0.353323499450975","0.00592852153609787","1288","1727249.7","0.000745694151806771","1434","2456684.5","0.000583713537493317","-1.10496607141215","-0.00220106872892936","1288","1727249.7","0.000745694151806771","580","1672997.1","0.000346683207042021","FALSE","FALSE","R328Y","-0.729144785431563","0.00186372640358425"
"712","R","332","A","CGG","GCT","994","missense_variant","CGG","GCT","GCG","2","-1.12141234170654","0.00223130892895207","482","1759149.6","0.00027399602626178","316","2509120.8","0.000125940528650514","-2.86801944219989","-0.0106875650701671","482","1759149.6","0.00027399602626178","60","1598699.6","3.75305029162452e-05","FALSE","FALSE","R332A","-1.99471589195321","-0.00422812807060749"
"713","R","332","C","CGG","TGC","994","missense_variant","CGG","TGC","TGC","2","8.73087022981927","0.0496554886965424","1","1759149.6","5.68456486020291e-07","606","2509120.8","0.000241518861905732","5.30790429986387","0.0286674244456983","1","1759149.6","5.68456486020291e-07","36","1598699.6","2.25183017497471e-05","FALSE","FALSE","R332C","7.01938726484157","0.0391614565711203"
"714","R","332","D","CGG","GAT","994","missense_variant","CGG","GAT","GAT","3","-7.76260217156001","-0.0297362050024807","609","1759149.6","0.000346189999986357","4","2509120.8","1.59418390696853e-06","-3.72000169670602","-0.0147886004701534","609","1759149.6","0.000346189999986357","42","1598699.6","2.62713520413716e-05","FALSE","FALSE","R332D","-5.74130193413301","-0.022262402736317"
"715","R","332","E","CG","GA","994","missense_variant","CGG","GAG","GAG","2","1.85205960755408","0.0165441818324526","67","1759149.6","3.80865845633595e-05","345","2509120.8","0.000137498361976036","3.19083118068729","0.0184768462262782","67","1759149.6","3.80865845633595e-05","556","1598699.6","0.000347782660357205","FALSE","FALSE","R332E","2.52144539412069","0.0175105140293654"
"716","R","332","H","GG","AC","995","missense_variant","CGG","CAC","CAC","2","-8.09726625437483","-0.0313471179569097","96","1759149.6","5.45718226579479e-05","0.5","2509120.8","1.99272988371066e-07","-7.4469832022996","-0.0327285082659954","96","1759149.6","5.45718226579479e-05","0.5","1598699.6","3.1275419096871e-07","FALSE","FALSE","R332H","-7.77212472833722","-0.0320378131114525"
"717","R","332","K","CG","AA","994","missense_variant","CGG","AAG","AAG","2","0.993881633683361","0.0124133232004586","69","1759149.6","3.92234975354001e-05","196","2509120.8","7.81150114414579e-05","0.537249481842083","0.00570377210863913","69","1759149.6","3.92234975354001e-05","91","1598699.6","5.69212627563052e-05","FALSE","FALSE","R332K","0.765565557762722","0.00905854765454888"
"718","R","332","L","G","T","995","missense_variant","CGG","CTG","CTG","1","1.51006405937478","0.01489797870756","96","1759149.6","5.45718226579479e-05","390","2509120.8","0.000155432930929432","0.928056229047324","0.00758492901814688","96","1759149.6","5.45718226579479e-05","166","1598699.6","0.000103834391401612","FALSE","FALSE","R332L","1.21906014421105","0.0112414538628534"
"719","R","332","M","CG","AT","994","missense_variant","CGG","ATG","ATG","2","-0.371009757611469","0.00584338834180203","311","1759149.6","0.00017678996715231","343","2509120.8","0.000136701270022551","0.543709055474171","0.00573486540899122","311","1759149.6","0.00017678996715231","412","1598699.6","0.000257709453358217","FALSE","FALSE","R332M","0.0863496489313515","0.00578912687539662"
"720","R","332","P","GG","CT","995","missense_variant","CGG","CCT","CCG","1","-2.98360947257927","-0.00673241809126496","61","1759149.6","3.46758456472377e-05","11","2509120.8","4.38400574416345e-06","-6.79275803914133","-0.0295793809931168","61","1759149.6","3.46758456472377e-05","0.5","1598699.6","3.1275419096871e-07","FALSE","FALSE","R332P","-4.8881837558603","-0.0181558995421909"
"721","R","332","Q","G","A","995","missense_variant","CGG","CAG","CAG","1","-3.13391315678657","-0.00745590819498764","1834","1759149.6","0.00104254919536121","298","2509120.8","0.000118766701069155","-2.25571539896385","-0.00774022603395513","1834","1759149.6","0.00104254919536121","349","1598699.6","0.000218302425296159","FALSE","FALSE","R332Q","-2.69481427787521","-0.00759806711447139"
"722","R","332","T","CGG","ACC","994","missense_variant","CGG","ACC","ACG","2","4.55605026464896","0.0295599005840203","38","1759149.6","2.1601346468771e-05","1275","2509120.8","0.000508146120346219","-6.10994821502203","-0.0262926608233464","38","1759149.6","2.1601346468771e-05","0.5","1598699.6","3.1275419096871e-07","FALSE","FALSE","R332T","-0.776948975186536","0.00163361988033694"
"723","R","332","V","CG","GT","994","missense_variant","CGG","GTG","GTG","2","-10.1010183892359","-0.0409922231153816","770","1759149.6","0.000437711494235624","1","2509120.8","3.98545976742132e-07","-2.32145232021574","-0.00805665215634709","770","1759149.6","0.000437711494235624","140","1598699.6","8.75711734712387e-05","FALSE","FALSE","R332V","-6.21123535472584","-0.0245244376358643"
"724","R","332","V","CGG","GTG","994","missense_variant","CGG","GTG","GTG","2","-1.51230375365368","0.000349744483839171","1","1759149.6","5.68456486020291e-07","0.5","2509120.8","1.99272988371066e-07","-0.862020701578445","-0.00103164582524654","1","1759149.6","5.68456486020291e-07","0.5","1598699.6","3.1275419096871e-07","FALSE","FALSE","R332V","-1.18716222761606","-0.000340950670703684"
"725","R","332","W","C","T","994","missense_variant","CGG","TGG","TGG","1","0.336688458246639","0.00924990933492252","322","1759149.6","0.000183042988498534","580","2509120.8","0.000231156666510437","0.707929228287687","0.00652534283799647","322","1759149.6","0.000183042988498534","478","1598699.6","0.000298993006566087","FALSE","FALSE","R332W","0.522308843267163","0.00788762608645949"
"726","R","332","Y","CGG","TAC","994","missense_variant","CGG","TAC","TAC","3","-0.977372130218278","0.00292464966839891","577","1759149.6","0.000327999392433708","418","2509120.8","0.000166592218278211","-0.786520696780342","-0.000668224884565516","577","1759149.6","0.000327999392433708","304","1598699.6","0.000190154548108976","FALSE","FALSE","R332Y","-0.88194641349931","0.0011282123919167"
"727","R","362","A","AGA","GCT","1084","missense_variant","AGA","GCT","GCA","2","-2.49471811571117","-0.00437912874672854","46","3558124.6","1.29281588396314e-05","12","5231540","2.29377965188071e-06","-6.47339034057801","-0.028042097522137","46","3558124.6","1.29281588396314e-05","0.5","3436513","1.45496321416506e-07","FALSE","FALSE","R362A","-4.48405422814459","-0.0162106131344328"
"728","R","362","C","AGA","TGC","1084","missense_variant","AGA","TGC","TGC","2","1.02106648975412","0.0125441781055932","186","3558124.6","5.22747292211183e-05","555","5231540","0.000106087308899483","1.79641502323322","0.011764793253594","186","3558124.6","5.22747292211183e-05","624","3436513","0.000181579409127799","FALSE","FALSE","R362C","1.40874075649367","0.0121544856795936"
"729","R","362","D","AGA","GAT","1084","missense_variant","AGA","GAT","GAT","3","-1.53012345184237","0.00026396897302026","55","3558124.6","1.54575812212984e-05","28","5231540","5.35215252105499e-06","-1.64372525679532","-0.00479439796746489","55","3558124.6","1.54575812212984e-05","17","3436513","4.94687492816119e-06","FALSE","FALSE","R362D","-1.58692435431885","-0.00226521449722231"
"730","R","362","E","AGA","GAG","1084","missense_variant","AGA","GAG","GAA","2","-2.1063157429358","-0.00250954534664489","41","3558124.6","1.15229241831497e-05","14","5231540","2.67607626052749e-06","-1.98545229425172","-0.00643930861006216","41","3558124.6","1.15229241831497e-05","10","3436513","2.90992642833011e-06","FALSE","FALSE","R362E","-2.04588401859376","-0.00447442697835353"
"731","R","362","F","AGA","TTC","1084","missense_variant","AGA","TTC","TTC","3","0.382480794960539","0.00947033175912037","12","3558124.6","3.37256317555602e-06","23","5231540","4.39641099943802e-06","0.552671956008186","0.00577800852867727","12","3558124.6","3.37256317555602e-06","17","3436513","4.94687492816119e-06","FALSE","FALSE","R362F","0.467576375484362","0.00762417014389882"
"732","R","362","G","AGA","GGT","1084","missense_variant","AGA","GGT","GGA","1","4.58138486337462","0.0296818492345572","10","3558124.6","2.81046931296335e-06","352","5231540","6.72842031218341e-05","-1.6867939786872","-0.00500171021155989","10","3558124.6","2.81046931296335e-06","3","3436513","8.72977928499034e-07","FALSE","FALSE","R362G","1.44729544234371","0.0123400695114987"
"733","R","362","H","AGA","CAC","1084","missense_variant","AGA","CAC","CAC","3","0.443881339624682","0.00976588463702868","7","3558124.6","1.96732851907435e-06","14","5231540","2.67607626052749e-06","1.7022483120587","0.0113115197094744","7","3558124.6","1.96732851907435e-06","22","3436513","6.40183814232625e-06","FALSE","FALSE","R362H","1.07306482584169","0.0105387021732515"
"734","R","362","I","GA","TC","1085","missense_variant","AGA","ATC","ATA","1","-3.64358150162566","-0.00990920803002838","85","3558124.6","2.38889891601885e-05","10","5231540","1.91148304323392e-06","-3.3592193206587","-0.0130519665343692","85","3558124.6","2.38889891601885e-05","8","3436513","2.32794114266409e-06","FALSE","FALSE","R362I","-3.50140041114218","-0.0114805872821988"
"735","R","362","K","GA","AG","1085","missense_variant","AGA","AAG","AAA","1","-1.46300925598384","0.000587024637151461","30","3558124.6","8.43140793889005e-06","16","5231540","3.05837286917428e-06","0.39120853331407","0.00500080077726071","30","3558124.6","8.43140793889005e-06","38","3436513","1.10577204276544e-05","FALSE","FALSE","R362K","-0.535900361334883","0.00279391270720608"
"736","R","362","L","AGA","CTG","1084","missense_variant","AGA","CTG","CTA","2","-7.38900867454006","-0.0279379044529327","57","3558124.6","1.60196750838911e-05","0.5","5231540","9.55741521616962e-08","-0.0278308965222706","0.00298374522632664","57","3558124.6","1.60196750838911e-05","54","3436513","1.57136027129826e-05","FALSE","FALSE","R362L","-3.70841978553116","-0.012477079613303"
"737","R","362","M","GA","TG","1085","missense_variant","AGA","ATG","ATG","2","-0.736690906017138","0.00408317405707069","34","3558124.6","9.55559566407539e-06","30","5231540","5.73444912970177e-06","0.0919917911736295","0.00356051438010114","34","3558124.6","9.55559566407539e-06","35","3436513","1.01847424991554e-05","FALSE","FALSE","R362M","-0.322349557421754","0.00382184421858591"
"738","R","362","N","GA","AC","1085","missense_variant","AGA","AAC","AAC","2","2.08773752939941","0.0176786227147257","32","3558124.6","8.99350180148272e-06","200","5231540","3.82296608646785e-05","3.90815261060657","0.0219296887728322","32","3558124.6","8.99350180148272e-06","464","3436513","0.000135020586274517","FALSE","FALSE","R362N","2.99794507000299","0.0198041557437789"
"739","R","362","Q","AGA","CAG","1084","missense_variant","AGA","CAG","CAA","2","-0.454835324538136","0.00543989212392662","55","3558124.6","1.54575812212984e-05","59","5231540","1.12777499550801e-05","-1.1462255973245","-0.00239967236821676","55","3558124.6","1.54575812212984e-05","24","3436513","6.98382342799227e-06","FALSE","FALSE","R362Q","-0.800530460931319","0.00152010987785493"
"740","R","362","S","A","C","1086","missense_variant","AGA","AGC","AGC","1","-2.74876373831771","-0.00560198296230714","32","3558124.6","8.99350180148272e-06","7","5231540","1.33803813026375e-06","-0.194940882357529","0.00217935761851329","32","3558124.6","8.99350180148272e-06","27","3436513","7.8568013564913e-06","FALSE","FALSE","R362S","-1.47185231033762","-0.00171131267189693"
"741","R","362","T","GA","CC","1085","missense_variant","AGA","ACC","ACA","1","-4.55611866037532","-0.0143017257990805","8","3558124.6","2.24837545037068e-06","0.5","5231540","9.55741521616962e-08","-3.949828384521","-0.0158948763081838","8","3558124.6","2.24837545037068e-06","0.5","3436513","1.45496321416506e-07","FALSE","FALSE","R362T","-4.25297352244816","-0.0150983010536322"
"742","R","362","V","AGA","GTG","1084","missense_variant","AGA","GTG","GTA","2","-2.36347358243292","-0.00374738028696655","63","3558124.6","1.77059566716691e-05","18","5231540","3.44066947782106e-06","2.23276302875748","0.0138651640159002","63","3558124.6","1.77059566716691e-05","286","3436513","8.32238958502412e-05","FALSE","FALSE","R362V","-0.065355276837723","0.00505889186446683"
"743","R","362","W","AGA","TGG","1084","missense_variant","AGA","TGG","TGG","2","2.15047328474737","0.0179806026587516","36","3558124.6","1.01176895266681e-05","235","5231540","4.49198515159972e-05","-2.31239846390571","-0.0080130712190242","36","3558124.6","1.01176895266681e-05","7","3436513","2.03694849983108e-06","FALSE","FALSE","R362W","-0.0809625895791679","0.00498376571986371"
"744","R","362","Y","AGA","TAC","1084","missense_variant","AGA","TAC","TAC","3","0.848271594704018","0.0117124260617103","17","3558124.6","4.7777978320377e-06","45","5231540","8.60167369455265e-06","3.5096032341163","0.0200112625462478","17","3558124.6","4.7777978320377e-06","187","3436513","5.44156242097731e-05","FALSE","FALSE","R362Y","2.17893741441016","0.0158618443039791"
"745","R","367","A","CGA","GCT","1099","missense_variant","CGA","GCT","GCA","2","-1.55709599984287","0.0001341360174712","48","3555715","1.34993946365218e-05","24","5231540","4.58755930376142e-06","-1.72841330265211","-0.00520204574672019","48","3555715","1.34993946365218e-05","14","3436513","4.07389699966216e-06","FALSE","FALSE","R367A","-1.64275465124749","-0.0025339548646245"
"746","R","367","C","CGA","TGC","1099","missense_variant","CGA","TGC","TGC","2","-6.25753571798397","-0.0224915343854558","26","3555715","7.31217209478262e-06","0.5","5231540","9.55741521616962e-08","0.840607654200028","0.00716399337162335","26","3555715","7.31217209478262e-06","45","3436513","1.30946689274855e-05","FALSE","FALSE","R367C","-2.70846403189197","-0.00766377050691621"
"747","R","367","D","CGA","GAT","1099","missense_variant","CGA","GAT","GAT","3","-0.919666079227582","0.00320241901940897","27","3555715","7.59340948304349e-06","21","5231540","4.01411439079124e-06","-5.70569322615202","-0.024346770505551","27","3555715","7.59340948304349e-06","0.5","3436513","1.45496321416506e-07","FALSE","FALSE","R367D","-3.3126796526898","-0.010572175743071"
"748","R","367","E","CGA","GAG","1099","missense_variant","CGA","GAG","GAA","2","-4.00188084251577","-0.01163388982124","98","3555715","2.75612640495653e-05","9","5231540","1.72033473891053e-06","-3.39559056666145","-0.0132270403303432","98","3555715","2.75612640495653e-05","9","3436513","2.6189337854971e-06","FALSE","FALSE","R367E","-3.69873570458861","-0.0124304650757916"
"749","R","367","F","CGA","TTC","1099","missense_variant","CGA","TTC","TTC","3","-1.77948842117932","-0.000936354814662541","42","3555715","1.18119703069565e-05","18","5231540","3.44066947782106e-06","-6.34312314676731","-0.0274150535074888","42","3555715","1.18119703069565e-05","0.5","3436513","1.45496321416506e-07","FALSE","FALSE","R367F","-4.06130578397332","-0.0141757041610757"
"750","R","367","G","CGA","GGT","1099","missense_variant","CGA","GGT","GGA","1","-0.557095999842874","0.00494765810469304","19","3555715","5.34351037695653e-06","19","5231540","3.63181778214445e-06","0.0491942760114457","0.00335450759558976","19","3555715","5.34351037695653e-06","19","3436513","5.52886021382721e-06","FALSE","FALSE","R367G","-0.253950861915714","0.0041510828501414"
"751","R","367","H","GA","AC","1100","missense_variant","CGA","CAC","CAC","2","-7.36445092190048","-0.0278196951681896","56","3555715","1.57492937426087e-05","0.5","5231540","9.55741521616962e-08","-2.58823564460385","-0.0093408195807917","56","3555715","1.57492937426087e-05","9","3436513","2.6189337854971e-06","FALSE","FALSE","R367H","-4.97634328325216","-0.0185802573744906"
"752","R","367","I","CGA","ATC","1099","missense_variant","CGA","ATC","ATA","2","-4.2200610125653","-0.0126841048887672","76","3555715","2.13740415078261e-05","6","5231540","1.14688982594035e-06","-7.19873323743214","-0.0315335515769538","76","3555715","2.13740415078261e-05","0.5","3436513","1.45496321416506e-07","FALSE","FALSE","R367I","-5.70939712499872","-0.0221088282328605"
"753","R","367","K","CGA","AAG","1099","missense_variant","CGA","AAG","AAA","2","-1.55709599984287","0.000134136017471196","82","3555715","2.30614658373914e-05","41","5231540","7.83708047725909e-06","-7.30835772860664","-0.0320612314865227","82","3555715","2.30614658373914e-05","0.5","3436513","1.45496321416506e-07","FALSE","FALSE","R367K","-4.43272686422476","-0.0159635477345258"
"754","R","367","L","GA","TG","1100","missense_variant","CGA","CTG","CTA","1","-1.31045603225975","0.00132134294902425","59","3555715","1.65930059073913e-05","35","5231540","6.69019065131873e-06","-0.548046554488147","0.000479675666589247","59","3555715","1.65930059073913e-05","39","3436513","1.13487130704874e-05","FALSE","FALSE","R367L","-0.929251293373948","0.000900509307806749"
"755","R","367","M","CGA","ATG","1099","missense_variant","CGA","ATG","ATG","3","-3.16195805800174","-0.00759090294642078","73","3555715","2.05303293430435e-05","12","5231540","2.29377965188071e-06","-7.14063028286857","-0.0312538717218293","73","3555715","2.05303293430435e-05","0.5","3436513","1.45496321416506e-07","FALSE","FALSE","R367M","-5.15129417043515","-0.019422387334125"
"756","R","367","N","CGA","AAC","1099","missense_variant","CGA","AAC","AAC","3","0.742464282016034","0.0112031202250971","39","3555715","1.09682581421739e-05","96","5231540","1.83502372150457e-05","-0.148745101600463","0.00240172202952388","39","3555715","1.09682581421739e-05","34","3436513","9.89374985632238e-06","FALSE","FALSE","R367N","0.296859590207785","0.00680242112731051"
"757","R","367","P","GA","CT","1100","missense_variant","CGA","CCT","CCA","1","1.81794343150405","0.0163799628655043","16","3555715","4.49979821217392e-06","83","5231540","1.58653092588416e-05","0.0491942760114457","0.00335450759558976","16","3555715","4.49979821217392e-06","16","3436513","4.65588228532818e-06","FALSE","FALSE","R367P","0.933568853757748","0.00986723523054701"
"758","R","367","Q","GA","AG","1100","missense_variant","CGA","CAG","CAA","1","-2.14205850056403","-0.00268159389994661","66","3555715","1.85616676252174e-05","22","5231540","4.20526269511463e-06","-1.47163788728999","-0.00396605161341911","66","3555715","1.85616676252174e-05","23","3436513","6.69283078515926e-06","FALSE","FALSE","R367Q","-1.80684819392701","-0.00332382275668286"
"759","R","367","S","CGA","AGC","1099","missense_variant","CGA","AGC","AGC","2","0.711392836083028","0.0110535571338167","22","3555715","6.18722254173914e-06","53","5231540","1.01308601291398e-05","-2.8252748419047","-0.0104818129925367","22","3555715","6.18722254173914e-06","3","3436513","8.72977928499034e-07","FALSE","FALSE","R367S","-1.05694100291083","0.000285872070640007"
"760","R","367","T","CGA","ACC","1099","missense_variant","CGA","ACC","ACA","2","-0.927464449787989","0.00316488139047211","53","3555715","1.49055815778261e-05","41","5231540","7.83708047725909e-06","-1.03486998877703","-0.00186365968693748","53","3555715","1.49055815778261e-05","25","3436513","7.27481607082528e-06","FALSE","FALSE","R367T","-0.981167219282509","0.000650610851767316"
"761","R","367","V","CGA","GTG","1099","missense_variant","CGA","GTG","GTA","2","3.62759571230835","0.0250907640893471","27","3555715","7.59340948304349e-06","491","5231540","9.38538174227856e-05","-5.70569322615202","-0.024346770505551","27","3555715","7.59340948304349e-06","0.5","3436513","1.45496321416506e-07","FALSE","FALSE","R367V","-1.03904875692184","0.000371996791898052"
"762","R","367","W","CGA","TGG","1099","missense_variant","CGA","TGG","TGG","2","-1.16714948152686","0.00201115219622059","87","3555715","2.44676527786957e-05","57","5231540","1.08954533464334e-05","-1.22382421839497","-0.00277319504467742","87","3555715","2.44676527786957e-05","36","3436513","1.04757351419884e-05","FALSE","FALSE","R367W","-1.19548684996092","-0.00038102142422842"
"763","R","367","Y","CGA","TAC","1099","missense_variant","CGA","TAC","TAC","3","-6.64455884109321","-0.0243544787368077","34","3555715","9.56207120086959e-06","0.5","5231540","9.55741521616962e-08","0.453584531090781","0.00530104902027141","34","3555715","9.56207120086959e-06","45","3436513","1.30946689274855e-05","FALSE","FALSE","R367Y","-3.09548715500122","-0.00952671485826815"
"764","R","386","D","AGG","GAT","1156","missense_variant","AGG","GAT","GAT","3","3.46210781771755","0.0242941844535665","66","3556215","1.85590578747348e-05","1070","5231540","0.00020452868562603","-4.99499698771664","-0.0209258184645369","66","3556215","1.85590578747348e-05","2","3436513","5.81985285666023e-07","FALSE","FALSE","R386D","-0.766444584999547","0.00168418299451481"
"765","R","386","G","AGG","GGT","1156","missense_variant","AGG","GGT","GGG","1","-9.56251769340639","-0.0384001381220217","257","3556215","7.22678465728309e-05","0.5","5231540","9.55741521616962e-08","-7.95622741755207","-0.0351797665439031","257","3556215","7.22678465728309e-05","1","3436513","2.90992642833011e-07","FALSE","FALSE","R386G","-8.75937255547923","-0.0367899523329624"
"766","R","386","K","G","A","1157","missense_variant","AGG","AAG","AAG","1","-2.54951361384691","-0.00464288808728523","390","3556215","0.000109667160168887","98","5231540","1.87325338236925e-05","0.064118637348577","0.00342634633852371","390","3556215","0.000109667160168887","394","3436513","0.000114651101276206","FALSE","FALSE","R386K","-1.24269748824917","-0.000608270874380759"
"767","R","386","M","G","T","1157","missense_variant","AGG","ATG","ATG","1","-0.312967561326419","0.00612277573561097","38","3556215","1.06855181703019e-05","45","5231540","8.60167369455265e-06","0.260901236835523","0.00437356372753506","38","3556215","1.06855181703019e-05","44","3436513","1.28036762846525e-05","FALSE","FALSE","R386M","-0.0260331622454481","0.00524816973157302"
"768","R","386","P","AGG","CCT","1156","missense_variant","AGG","CCT","CCG","2","-8.7167644809909","-0.0343290863537209","143","3556215","4.02112920619254e-05","0.5","5231540","9.55741521616962e-08","-8.11047420513658","-0.0359222368628242","143","3556215","4.02112920619254e-05","0.5","3436513","1.45496321416506e-07","FALSE","FALSE","R386P","-8.41361934306374","-0.0351256616082725"
"769","R","386","Q","AG","CA","1156","missense_variant","AGG","CAG","CAG","2","-8.31178064637598","-0.0323796877208342","108","3556215","3.03693674313842e-05","0.5","5231540","9.55741521616962e-08","-7.70549037052166","-0.0339728382299374","108","3556215","3.03693674313842e-05","0.5","3436513","1.45496321416506e-07","FALSE","FALSE","R386Q","-8.00863550844882","-0.0331762629753858"
"770","R","386","S","G","C","1158","missense_variant","AGG","AGC","AGC","1","5.30729300044177","0.033176024085624","4","3556215","1.12479138634756e-06","233","5231540","4.45375549073504e-05","-1.95060286835819","-0.00627156012879665","4","3556215","1.12479138634756e-06","1","3436513","2.90992642833011e-07","FALSE","FALSE","R386S","1.67834506604179","0.0134522319784137"
"771","R","386","V","AG","GT","1156","missense_variant","AGG","GTG","GTG","2","-7.2573328623536","-0.0273040800226203","104","3556215","2.92445760450366e-05","1","5231540","1.91148304323392e-07","-7.65104258649928","-0.0337107526189454","104","3556215","2.92445760450366e-05","0.5","3436513","1.45496321416506e-07","FALSE","FALSE","R386V","-7.45418772442644","-0.0305074163207829"
"772","R","386","W","A","T","1156","missense_variant","AGG","TGG","TGG","1","0.121178760900129","0.0082125486467346","5","3556215","1.40598923293445e-06","8","5231540","1.52918643458714e-06","2.18690065539175","0.0136444044687319","5","3556215","1.40598923293445e-06","22","3436513","6.40183814232625e-06","FALSE","FALSE","R386W","1.15403970814594","0.0109284765577332"
"773","S","348","D","TCG","GAT","1042","missense_variant","TCG","GAT","GAT","3","0.659866487462536","0.0108055339166581","126","1850415.7","6.80928074702349e-05","259","2407459.1","0.000107582305344253","0.0355718618812264","0.00328893580429266","126","1850415.7","6.80928074702349e-05","113","1619082.6","6.97926097161442e-05","FALSE","FALSE","S348D","0.347719174671881","0.00704723486047536"
"774","S","348","E","TC","GA","1042","missense_variant","TCG","GAG","GAG","2","-0.199089631082281","0.00667092966808824","45","1850415.7","2.43188598107982e-05","51","2407459.1","2.11841605118027e-05","-6.29918027336372","-0.0272035335157846","45","1850415.7","2.43188598107982e-05","0.5","1619082.6","3.0881685715108e-07","FALSE","FALSE","S348E","-3.249134952223","-0.0102663019238482"
"775","S","348","F","CG","TC","1043","missense_variant","TCG","TTC","TTC","2","-2.96462437744526","-0.0066410329165094","3","1850415.7","1.62125732071988e-06","0.5","2407459.1","2.07687848154928e-07","3.81716368787375","0.0214917115835652","3","1850415.7","1.62125732071988e-06","37","1619082.6","2.285244742918e-05","FALSE","FALSE","S348F","0.426269655214246","0.00742533933352792"
"776","S","348","G","TCG","GGT","1042","missense_variant","TCG","GGT","GGG","2","-7.46712471797444","-0.0283139177533705","68","1850415.7","3.67484992696506e-05","0.5","2407459.1","2.07687848154928e-07","-6.89479001828438","-0.0300705141783248","68","1850415.7","3.67484992696506e-05","0.5","1619082.6","3.0881685715108e-07","FALSE","FALSE","S348G","-7.18095736812941","-0.0291922159658476"
"777","S","348","H","TCG","CAC","1042","missense_variant","TCG","CAC","CAC","3","0.880865673499117","0.0118693183799032","96","1850415.7","5.18802342630361e-05","230","2407459.1","9.5536410151267e-05","1.68452591929563","0.011226212580471","96","1850415.7","5.18802342630361e-05","270","1619082.6","0.000166761102861583","FALSE","FALSE","S348H","1.28269579639737","0.0115477654801871"
"778","S","348","I","TCG","ATC","1042","missense_variant","TCG","ATC","ATC","3","4.77008524278058","0.0305901626786949","2","1850415.7","1.08083821381325e-06","71","2407459.1","2.94916744379998e-05","4.58499024574472","0.0251876616790327","2","1850415.7","1.08083821381325e-06","42","1619082.6","2.59406160006908e-05","FALSE","FALSE","S348I","4.67753774426265","0.0278889121788638"
"779","S","348","M","TC","AT","1042","missense_variant","TCG","ATG","ATG","2","0.136258979567403","0.00828513761236966","214","1850415.7","0.000115649688878018","306","2407459.1","0.000127104963070816","-0.429853090711684","0.00104860251504251","214","1850415.7","0.000115649688878018","139","1619082.6","8.58510862880004e-05","FALSE","FALSE","S348M","-0.146797055572141","0.00466687006370608"
"780","S","348","N","TCG","AAC","1042","missense_variant","TCG","AAC","AAC","3","1.0630480410393","0.0127462572299602","71","1850415.7","3.83697565903705e-05","193","2407459.1","8.01675093878023e-05","-1.20218679437526","-0.00266904282624796","71","1850415.7","3.83697565903705e-05","27","1619082.6","1.66761102861583e-05","FALSE","FALSE","S348N","-0.0695693766679808","0.00503860720185613"
"781","S","348","P","TCG","CCT","1042","missense_variant","TCG","CCT","CCG","1","-6.18701679878171","-0.0221520900103087","28","1850415.7","1.51317349933855e-05","0.5","2407459.1","2.07687848154928e-07","1.08575761904944","0.00834402814210767","28","1850415.7","1.51317349933855e-05","52","1619082.6","3.21169531437124e-05","FALSE","FALSE","S348P","-2.55062958986613","-0.0069040309341005"
"782","S","348","Q","TC","CA","1042","missense_variant","TCG","CAG","CAG","2","-0.0405732306785562","0.00743395186261847","117","1850415.7","6.32290355080753e-05","148","2407459.1","6.14756030538587e-05","-7.67769189661745","-0.0338390296618085","117","1850415.7","6.32290355080753e-05","0.5","1619082.6","3.0881685715108e-07","FALSE","FALSE","S348Q","-3.859132563648","-0.013202538899595"
"783","S","348","V","TC","GT","1042","missense_variant","TCG","GTG","GTG","2","-3.3796618767241","-0.00863882508631344","4","1850415.7","2.16167642762651e-06","0.5","2407459.1","2.07687848154928e-07","-0.222364676312889","0.00204735258059375","4","1850415.7","2.16167642762651e-06","3","1619082.6","1.85290114290648e-06","FALSE","FALSE","S348V","-1.8010132765185","-0.00329573625285984"
"784","S","348","W","C","G","1043","missense_variant","TCG","TGG","TGG","1","-2.81823489046373","-0.00593638388758676","103","1850415.7","5.56631680113825e-05","19","2407459.1","7.89213822988727e-06","-2.79338798607617","-0.010328324907714","103","1850415.7","5.56631680113825e-05","13","1619082.6","8.02923828592809e-06","FALSE","FALSE","S348W","-2.80581143826995","-0.00813235439765039"
"785","S","348","Y","CG","AC","1043","missense_variant","TCG","TAC","TAC","2","-6.13454937888757","-0.0218995369257887","27","1850415.7","1.45913158864789e-05","0.5","2407459.1","2.07687848154928e-07","0.391981631189362","0.00500452210095901","27","1850415.7","1.45913158864789e-05","31","1619082.6","1.9146645143367e-05","FALSE","FALSE","S348Y","-2.8712838738491","-0.00844750741241485"
"786","S","349","A","TCA","GCT","1045","missense_variant","TCA","GCT","GCA","1","-4.91192644760892","-0.016014414441735","41","1729923.8","2.3700465881792e-05","2","2540448","7.87262719016488e-07","-2.30718813263453","-0.00798799117436865","41","1729923.8","2.3700465881792e-05","9","1879396.7","4.78877077947407e-06","FALSE","FALSE","S349A","-3.60955729012173","-0.0120012028080518"
"787","S","349","E","TCA","GAG","1045","missense_variant","TCA","GAG","GAA","2","-0.116253330598953","0.00706966403008849","31","1729923.8","1.79198644472086e-05","42","2540448","1.65325170993463e-05","-6.07375743984563","-0.0261184557276812","31","1729923.8","1.79198644472086e-05","0.5","1879396.7","2.66042821081893e-07","FALSE","FALSE","S349E","-3.09500538522229","-0.00952439584879634"
"788","S","349","I","TCA","ATC","1045","missense_variant","TCA","ATC","ATA","2","-0.536452534993576","0.00504702587870192","80","1729923.8","4.62448114766674e-05","81","2540448","3.18841401201678e-05","-0.271564222903809","0.00181052947639705","80","1729923.8","4.62448114766674e-05","72","1879396.7","3.83101662357926e-05","FALSE","FALSE","S349I","-0.404008378948692","0.00342877767754949"
"789","S","349","K","TCA","AAG","1045","missense_variant","TCA","AAG","AAA","2","-1.07284153192509","0.00246510559462932","53","1729923.8","3.06371876032921e-05","37","2540448","1.4564360301805e-05","-2.67755658257965","-0.00977076788858958","53","1729923.8","3.06371876032921e-05","9","1879396.7","4.78877077947407e-06","FALSE","FALSE","S349K","-1.87519905725237","-0.00365283114698013"
"790","S","349","N","TCA","AAC","1045","missense_variant","TCA","AAC","AAC","3","-4.36172936504844","-0.0133660286325051","7","1729923.8","4.04642100420839e-06","0.5","2540448","1.96815679754122e-07","2.24300894992595","0.0139144829837486","7","1729923.8","4.04642100420839e-06","36","1879396.7","1.91550831178963e-05","FALSE","FALSE","S349N","-1.05936020756125","0.000274227175621736"
"791","S","349","P","TCA","CCT","1045","missense_variant","TCA","CCT","CCA","1","-2.55437444299084","-0.00466628579573174","116","1729923.8","6.70549766411677e-05","29","2540448","1.14153094257391e-05","-2.89007928333599","-0.0107937506027163","116","1729923.8","6.70549766411677e-05","17","1879396.7","9.04545591678436e-06","FALSE","FALSE","S349P","-2.72222686316342","-0.00773001819922402"
"792","S","349","T","TCA","ACC","1045","missense_variant","TCA","ACC","ACA","1","-5.13933694371199","-0.0171090598875932","12","1729923.8","6.9367217215001e-06","0.5","2540448","1.96815679754122e-07","-4.70452363017991","-0.0195276185422843","12","1729923.8","6.9367217215001e-06","0.5","1879396.7","2.66042821081893e-07","FALSE","FALSE","S349T","-4.92193028694595","-0.0183183392149388"
"793","S","385","C","A","T","1153","missense_variant","AGC","TGC","TGC","1","-1.98360657900386","-0.00191888207575397","672","3555770.6","0.000188988569735067","250","5231540","4.77870760808481e-05","-5.4362099922031","-0.023049607006802","672","3555770.6","0.000188988569735067","15","3436513","4.36488964249517e-06","FALSE","FALSE","S385C","-3.70990828560348","-0.012484244541278"
"794","S","385","E","AGC","GAG","1153","missense_variant","AGC","GAG","GAG","3","-9.01650505952448","-0.0357718942489289","176","3555770.6","4.94970063591841e-05","0.5","5231540","9.55741521616962e-08","-0.162287270226575","0.00233653650173322","176","3555770.6","4.94970063591841e-05","152","3436513","4.42308817106177e-05","FALSE","FALSE","S385E","-4.58939616487553","-0.0167176788735979"
"795","S","385","F","AG","TT","1153","missense_variant","AGC","TTC","TTC","2","-0.609068078525444","0.00469748935603566","339","3555770.6","9.53379838395649e-05","327","5231540","6.25054955137493e-05","0.783626724229587","0.00688971440666019","339","3555770.6","9.53379838395649e-05","564","3436513","0.000164119850557818","FALSE","FALSE","S385F","0.0872793228520715","0.00579360188134792"
"796","S","385","G","AGC","GGT","1153","missense_variant","AGC","GGT","GGC","1","0.0243863901646795","0.00774663643232495","1787","3555770.6","0.000502563354340125","2674","5231540","0.000511130565760751","-1.15978248014951","-0.0024649287231288","1787","3555770.6","0.000502563354340125","773","3436513","0.000224937312909918","FALSE","FALSE","S385G","-0.567698044992413","0.00264085385459807"
"797","S","385","H","AG","CA","1153","missense_variant","AGC","CAC","CAC","2","-10.2883924719122","-0.0418941524009169","425","3555770.6","0.000119524021037803","0.5","5231540","9.55741521616962e-08","-2.47264883042898","-0.00878443989776937","425","3555770.6","0.000119524021037803","74","3436513","2.15334555696428e-05","FALSE","FALSE","S385H","-6.38052065117061","-0.0253392961493431"
"798","S","385","H","AGC","CAC","1153","missense_variant","AGC","CAC","CAC","2","-3.87900153577455","-0.0110424075641786","5","3555770.6","1.40616495338591e-06","0.5","5231540","9.55741521616962e-08","-3.27271125992023","-0.0126355580732819","5","3555770.6","1.40616495338591e-06","0.5","3436513","1.45496321416506e-07","FALSE","FALSE","S385H","-3.57585639784739","-0.0118389828187302"
"799","S","385","I","G","T","1154","missense_variant","AGC","ATC","ATC","1","-0.419043289994737","0.00561217787274788","498","3555770.6","0.000140054029357237","548","5231540","0.000104749270769219","-1.63466069182671","-0.00475076548377742","498","3555770.6","0.000140054029357237","155","3436513","4.51038596391167e-05","FALSE","FALSE","S385I","-1.02685199091072","0.00043070619448523"
"800","S","385","K","GC","AG","1154","missense_variant","AGC","AAG","AAG","2","-0.671123518967387","0.00439878412283609","421","3555770.6","0.000118399089075094","389","5231540","7.43566903817996e-05","-2.22551609225053","-0.0075948610040718","421","3555770.6","0.000118399089075094","87","3436513","2.5316359926472e-05","FALSE","FALSE","S385K","-1.44831980560896","-0.00159803844061786"
"801","S","385","L","AGC","CTG","1153","missense_variant","AGC","CTG","CTC","2","0.313255946668035","0.00913711642287982","698","3555770.6","0.000196300627492673","1276","5231540","0.000243905236316649","-1.58408520002548","-0.00450731923692009","698","3555770.6","0.000196300627492673","225","3436513","6.54733446374275e-05","FALSE","FALSE","S385L","-0.635414626678722","0.00231489859297986"
"802","S","385","M","GC","TG","1154","missense_variant","AGC","ATG","ATG","2","2.06996603421936","0.0175930792301536","107","3555770.6","3.00919300024585e-05","661","5231540","0.000126349029157762","0.426690921289498","0.00517159603548781","107","3555770.6","3.00919300024585e-05","139","3436513","4.04479773537886e-05","FALSE","FALSE","S385M","1.24832847775443","0.0113823376328207"
"803","S","385","N","G","A","1154","missense_variant","AGC","AAC","AAC","1","-2.40855091617709","-0.0039643610285772","830","3555770.6","0.000233423382262062","230","5231540","4.39641099943802e-05","-2.0778950829362","-0.0068842840151993","830","3555770.6","0.000233423382262062","190","3436513","5.52886021382721e-05","FALSE","FALSE","S385N","-2.24322299955665","-0.00542432252188825"
"804","S","385","P","AGC","CCT","1153","missense_variant","AGC","CCT","CCC","2","1.15752434025057","0.0132010209829327","117","3555770.6","3.29042599092304e-05","384","5231540","7.34009488601827e-05","-7.82114788461627","-0.034529558228585","117","3555770.6","3.29042599092304e-05","0.5","3436513","1.45496321416506e-07","FALSE","FALSE","S385P","-3.33181177218285","-0.0106642686228262"
"805","S","385","Q","AGC","CAG","1153","missense_variant","AGC","CAG","CAG","3","-10.0845504469476","-0.0409129543114454","369","3555770.6","0.00010377497355988","0.5","5231540","9.55741521616962e-08","-9.47826017109326","-0.0425061048205487","369","3555770.6","0.00010377497355988","0.5","3436513","1.45496321416506e-07","FALSE","FALSE","S385Q","-9.78140530902042","-0.0417095295659971"
"806","S","385","R","C","A","1155","missense_variant","AGC","AGA","AGA","1","-0.198944704284249","0.0066716272764316","976","3555770.6","0.00027448339890093","1251","5231540","0.000239126528708564","0.7551041179479","0.00675242021133815","976","3555770.6","0.00027448339890093","1592","3436513","0.000463260287390154","FALSE","FALSE","S385R","0.278079706831825","0.00671202374388488"
"807","S","385","T","G","C","1154","missense_variant","AGC","ACC","ACC","1","1.77290318277373","0.0161631606334269","143","3555770.6","4.02163176668371e-05","719","5231540","0.000137435630808519","0.894970047382626","0.00742566795192202","143","3555770.6","4.02163176668371e-05","257","3436513","7.47851092080839e-05","FALSE","FALSE","S385T","1.33393661507818","0.0117944142926745"
"808","S","385","V","AGC","GTG","1153","missense_variant","AGC","GTG","GTC","2","-1.27642162157834","0.00148516833656479","624","3555770.6","0.000175489386182562","379","5231540","7.24452073385657e-05","-10.2361853838951","-0.0461543945728327","624","3555770.6","0.000175489386182562","0.5","3436513","1.45496321416506e-07","FALSE","FALSE","S385V","-5.75630350273673","-0.022334613118134"
"809","S","385","W","AGC","TGG","1153","missense_variant","AGC","TGG","TGG","2","-0.393872140837269","0.00573333975517811","693","3555770.6","0.000194894462539288","776","5231540","0.000148331084154952","-2.18782236233371","-0.00741342140256742","693","3555770.6","0.000194894462539288","147","3436513","4.27759184964527e-05","FALSE","FALSE","S385W","-1.29084725158549","-0.000840040823694658"
"810","S","385","Y","AG","TA","1153","missense_variant","AGC","TAC","TAC","2","-11.5185231352854","-0.0478154135192323","997","3555770.6","0.000280389291705151","0.5","5231540","9.55741521616962e-08","-2.87880985789361","-0.0107395049744391","997","3555770.6","0.000280389291705151","131","3436513","3.81200362111245e-05","FALSE","FALSE","S385Y","-7.19866649658949","-0.0292774592468357"
"811","S","385","Y","AGC","TAC","1153","missense_variant","AGC","TAC","TAC","2","-1.55707344088718","0.000134244605502683","1","3555770.6","2.81232990677183e-07","0.5","5231540","9.55741521616962e-08","-0.950783165032863","-0.0014589059036006","1","3555770.6","2.81232990677183e-07","0.5","3436513","1.45496321416506e-07","FALSE","FALSE","S385Y","-1.25392830296002","-0.000662330649048959"
"812","T","345","A","A","G","1033","missense_variant","ACT","GCT","GCT","1","1.55080756583965","0.0150940984758396","67","1776413","3.77164544506261e-05","267","2416244.1","0.000110502080481024","3.15863828256903","0.0183218850001343","67","1776413","3.77164544506261e-05","555","1647848.4","0.000336802827250371","FALSE","FALSE","T345A","2.35472292420434","0.0167079917379869"
"813","T","345","C","ACT","TGC","1033","missense_variant","ACT","TGC","TGT","2","-8.87006393009223","-0.0350669966379291","172","1776413","9.68243308284729e-05","0.5","2416244.1","2.06932734983191e-07","-4.51052632085516","-0.018593808208988","172","1776413","9.68243308284729e-05","7","1647848.4","4.24796358694161e-06","FALSE","FALSE","T345C","-6.69029512547369","-0.0268304024234585"
"814","T","345","E","ACT","GAG","1033","missense_variant","ACT","GAG","GAG","3","-0.836810368338974","0.00360124681382375","130","1776413","7.31811802773342e-05","99","2416244.1","4.09726815266719e-05","-6.91398430123912","-0.0301629062832758","130","1776413","7.31811802773342e-05","1","1647848.4","6.06851940991659e-07","FALSE","FALSE","T345E","-3.87539733478905","-0.013280829734726"
"815","T","345","F","ACT","TTC","1033","missense_variant","ACT","TTC","TTT","2","-0.682171526989654","0.0043456042922011","348","1776413","0.000195900390280864","295","2416244.1","0.000122090313640083","-3.04915776519714","-0.0115594783887567","348","1776413","0.000195900390280864","39","1647848.4","2.36672256986747e-05","FALSE","FALSE","T345F","-1.8656646460934","-0.00360693704827778"
"816","T","345","G","AC","GG","1033","missense_variant","ACT","GGT","GGT","2","-9.96736113144714","-0.0403488609528977","368","1776413","0.000207159033400454","0.5","2416244.1","2.06932734983191e-07","-4.95574682563038","-0.0207368869424076","368","1776413","0.000207159033400454","11","1647848.4","6.67537135090825e-06","FALSE","FALSE","T345G","-7.46155397853876","-0.0305428739476526"
"817","T","345","G","ACT","GGT","1033","missense_variant","ACT","GGT","GGT","2","-2.44379917539013","-0.00413402930283526","2","1776413","1.12586431195899e-06","0.5","2416244.1","2.06932734983191e-07","-1.89161648821066","-0.00598762788511127","2","1776413","1.12586431195899e-06","0.5","1647848.4","3.0342597049583e-07","FALSE","FALSE","T345G","-2.1677078318004","-0.00506082859397327"
"818","T","345","I","CT","TC","1034","missense_variant","ACT","ATC","ATT","1","-1.82846302562545","-0.00117209515487695","376","1776413","0.00021166249064829","144","2416244.1","5.95966276751591e-05","-8.4462053398883","-0.0375382860953196","376","1776413","0.00021166249064829","1","1647848.4","6.06851940991659e-07","FALSE","FALSE","T345I","-5.13733418275688","-0.0193551906250983"
"819","T","345","K","CT","AG","1034","missense_variant","ACT","AAG","AAG","2","-1.6068377912472","-0.000105297194111513","627","1776413","0.000352958461799142","280","2416244.1","0.000115882331590587","-2.03419100150802","-0.006673913453943","627","1776413","0.000352958461799142","142","1647848.4","8.61729756208156e-05","FALSE","FALSE","T345K","-1.82051439637761","-0.00338960532402726"
"820","T","345","M","CT","TG","1034","missense_variant","ACT","ATG","ATG","2","-0.359860356890233","0.00589705622843298","434","1776413","0.0002443125556951","460","2416244.1","0.000190378116184536","-0.443714355026193","0.000981881013107797","434","1776413","0.0002443125556951","296","1647848.4","0.000179628174533531","FALSE","FALSE","T345M","-0.401787355958213","0.00343946862077039"
"821","T","345","P","A","C","1033","missense_variant","ACT","CCT","CCT","1","-1.76572727027749","-0.000870115210850986","115","1776413","6.47371979376418e-05","46","2416244.1","1.90378116184536e-05","-2.56718153771273","-0.00923947517224457","115","1776413","6.47371979376418e-05","18","1647848.4","1.09233349378499e-05","FALSE","FALSE","T345P","-2.16645440399511","-0.00505479519154778"
"822","T","345","R","CT","GA","1034","missense_variant","ACT","AGA","AGA","2","1.0423332986716","0.0126465463600422","146","1776413","8.2188094773006e-05","409","2416244.1","0.000169270977216251","0.618998671050411","0.0060972736365059","146","1776413","8.2188094773006e-05","208","1647848.4","0.000126225203726265","FALSE","FALSE","T345R","0.830665984861007","0.00937190999827405"
"823","T","345","V","ACT","GTG","1033","missense_variant","ACT","GTG","GTT","2","-1.81767934991221","-0.00112018769364983","311","1776413","0.000175071900509622","120","2416244.1","4.9663856395966e-05","-1.74612250363917","-0.00528728937681847","311","1776413","0.000175071900509622","86","1647848.4","5.21892669252827e-05","FALSE","FALSE","T345V","-1.78190092677569","-0.00320373853523415"
"824","T","345","W","ACT","TGG","1033","missense_variant","ACT","TGG","TGG","3","6.9991443204586","0.0413197877828204","1","1776413","5.62932155979494e-07","174","2416244.1","7.20125917741506e-05","6.01527410739785","0.032072364638097","1","1776413","5.62932155979494e-07","60","1647848.4","3.64111164594996e-05","FALSE","FALSE","T345W","6.50720921392823","0.0366960762104587"
"825","T","345","Y","ACT","TAC","1033","missense_variant","ACT","TAC","TAT","2","-0.968890220133886","0.00296547752993195","59","1776413","3.32129972027901e-05","41","2416244.1","1.69684842686217e-05","0.435193828056445","0.00521252496501609","59","1776413","3.32129972027901e-05","74","1647848.4","4.49070436333828e-05","FALSE","FALSE","T345Y","-0.266848196038721","0.00408900124747402"
"826","T","389","H","ACA","CAC","1165","missense_variant","ACA","CAC","CAC","3","-9.61651705197337","-0.0386600652271797","267","3558858.5","7.5024056168572e-05","0.5","5231540","9.55741521616962e-08","-9.01022677611905","-0.040253215736283","267","3558858.5","7.5024056168572e-05","0.5","3436513","1.45496321416506e-07","FALSE","FALSE","T389H","-9.31337191404621","-0.0394566404817313"
"827","T","389","K","CA","AG","1166","missense_variant","ACA","AAG","AAA","1","-0.55582112028582","0.00495379476559946","1","3558858.5","2.80988974414127e-07","1","5231540","1.91148304323392e-07","5.09486327492695","0.0276419467666801","1","3558858.5","2.80988974414127e-07","33","3436513","9.60275721348937e-06","FALSE","FALSE","T389K","2.26952107732057","0.0162978707661398"
"828","T","389","R","C","G","1166","missense_variant","ACA","AGA","AGA","1","-0.818855526119614","0.00368767284341922","6","3558858.5","1.68593384648476e-06","5","5231540","9.55741521616962e-07","-0.212565250265294","0.00209452233431594","6","3558858.5","1.68593384648476e-06","5","3436513","1.45496321416506e-06","FALSE","FALSE","T389R","-0.515710388192454","0.00289109758886758"
"829","T","389","Y","ACA","TAC","1165","missense_variant","ACA","TAC","TAC","3","-8.32400544506275","-0.0324385320593248","218","3558858.5","6.12555964222798e-05","1","5231540","1.91148304323392e-07","-0.178556358100395","0.00225822488791363","218","3558858.5","6.12555964222798e-05","186","3436513","5.41246315669401e-05","FALSE","FALSE","T389Y","-4.25128090158157","-0.0150901535857056"
"830","T","392","A","ACC","GCT","1174","missense_variant","ACC","GCT","GCC","1","-9.08065795589989","-0.0360806956325912","184","3555715","5.17476794400001e-05","0.5","5231540","9.55741521616962e-08","-8.47436768004557","-0.0376738461416945","184","3555715","5.17476794400001e-05","0.5","3436513","1.45496321416506e-07","FALSE","FALSE","T392A","-8.77751281797273","-0.0368772708871428"
"831","T","392","D","ACC","GAT","1174","missense_variant","ACC","GAT","GAC","2","-1.8339362052017","-0.00119844042565453","252","3555715","7.08718218417393e-05","104","5231540","1.98794236496328e-05","-1.51869471135077","-0.00419256067539015","252","3555715","7.08718218417393e-05","85","3436513","2.4734374640806e-05","FALSE","FALSE","T392D","-1.67631545827623","-0.00269550055052234"
"832","T","392","G","ACC","GGT","1174","missense_variant","ACC","GGT","GGC","2","-1.55709599984287","0.000134136017471198","1","3555715","2.8123738826087e-07","0.5","5231540","9.55741521616962e-08","6.95608487161996","0.0366009780315762","1","3555715","2.8123738826087e-07","120","3436513","3.49191171399613e-05","FALSE","FALSE","T392G","2.69949443588855","0.0183675570245237"
"833","T","392","H","AC","CA","1174","missense_variant","ACC","CAC","CAC","2","-8.92341821408869","-0.0353238186623939","165","3555715","4.64041690630436e-05","0.5","5231540","9.55741521616962e-08","-0.890863183532272","-0.00117047974918158","165","3555715","4.64041690630436e-05","86","3436513","2.5025367283639e-05","FALSE","FALSE","T392H","-4.90714069881048","-0.0182471492057878"
"834","T","392","I","C","T","1175","missense_variant","ACC","ATC","ATC","1","0.581101294077146","0.0104263959185932","189","3555715","5.31538663813045e-05","416","5231540","7.95176945985312e-05","-1.60615755260111","-0.00461356499355984","189","3555715","5.31538663813045e-05","60","3436513","1.74595585699807e-05","FALSE","FALSE","T392I","-0.512528129261981","0.00290641546251667"
"835","T","392","K","CC","AG","1175","missense_variant","ACC","AAG","AAG","2","-9.2505829573422","-0.036898633380205","207","3555715","5.82161393700001e-05","0.5","5231540","9.55741521616962e-08","-8.64429268148788","-0.0384917838893083","207","3555715","5.82161393700001e-05","0.5","3436513","1.45496321416506e-07","FALSE","FALSE","T392K","-8.94743781941504","-0.0376952086347566"
"836","T","392","N","C","A","1175","missense_variant","ACC","AAC","AAC","1","-0.313056058029937","0.00612234975477394","841","3555715","0.000236520643527392","996","5231540","0.000190383711106099","0.42334470542059","0.00515548895149421","841","3555715","0.000236520643527392","1090","3436513","0.000317181980687982","FALSE","FALSE","T392N","0.0551443236953264","0.00563891935313408"
"837","T","392","R","CC","GA","1175","missense_variant","ACC","AGA","AGA","2","-9.41507699497045","-0.0376904290635448","232","3555715","6.52470740765219e-05","0.5","5231540","9.55741521616962e-08","-7.80878671911613","-0.0344700574854263","232","3555715","6.52470740765219e-05","1","3436513","2.90992642833011e-07","FALSE","FALSE","T392R","-8.61193185704329","-0.0360802432744856"
"838","T","392","W","ACC","TGG","1174","missense_variant","ACC","TGG","TGG","3","-1.55709599984287","0.000134136017471198","1","3555715","2.8123738826087e-07","0.5","5231540","9.55741521616962e-08","3.74963399415254","0.0211666559112949","1","3555715","2.8123738826087e-07","13","3436513","3.78290435682915e-06","FALSE","FALSE","T392W","1.09626899715483","0.010650395964383"
"839","T","392","Y","AC","TA","1174","missense_variant","ACC","TAC","TAC","2","-9.42128214449716","-0.0377202976878462","233","3555715","6.55283114647828e-05","0.5","5231540","9.55741521616962e-08","0.150792416019253","0.00384355248653799","233","3555715","6.55283114647828e-05","250","3436513","7.27481607082528e-05","FALSE","FALSE","T392Y","-4.63524486423895","-0.0169383726006541"
"840","T","394","C","ACA","TGC","1180","missense_variant","ACA","TGC","TGC","3","-3.87902409473024","-0.0110425161522101","5","3555715","1.40618694130435e-06","0.5","5231540","9.55741521616962e-08","-3.27273381887592","-0.0126356666613133","5","3555715","1.40618694130435e-06","0.5","3436513","1.45496321416506e-07","FALSE","FALSE","T394C","-3.57587895680308","-0.0118390914067617"
"841","T","394","F","ACA","TTC","1180","missense_variant","ACA","TTC","TTC","3","-5.36445092190048","-0.0181926509937459","14","3555715","3.93732343565218e-06","0.5","5231540","9.55741521616962e-08","-4.75816064604616","-0.0197858015028492","14","3555715","3.93732343565218e-06","0.5","3436513","1.45496321416506e-07","FALSE","FALSE","T394F","-5.06130578397332","-0.0189892262482975"
"842","T","394","I","CA","TC","1181","missense_variant","ACA","ATC","ATA","1","-6.80502351328646","-0.0251268789806287","38","3555715","1.06870207539131e-05","0.5","5231540","9.55741521616962e-08","-6.19873323743214","-0.026720029489732","38","3555715","1.06870207539131e-05","0.5","3436513","1.45496321416506e-07","FALSE","FALSE","T394I","-6.5018783753593","-0.0259234542351803"
"843","T","394","K","CA","AG","1181","missense_variant","ACA","AAG","AAA","1","-4.55709599984287","-0.0143064302441943","8","3555715","2.24989910608696e-06","0.5","5231540","9.55741521616962e-08","-3.95080572398855","-0.0158995807532976","8","3555715","2.24989910608696e-06","0.5","3436513","1.45496321416506e-07","FALSE","FALSE","T394K","-4.25395086191571","-0.015103005498746"
"844","T","394","M","CA","TG","1181","missense_variant","ACA","ATG","ATG","2","-2.55709599984287","-0.00467938606975064","2","3555715","5.6247477652174e-07","0.5","5231540","9.55741521616962e-08","-1.95080572398855","-0.00627253657885393","2","3555715","5.6247477652174e-07","0.5","3436513","1.45496321416506e-07","FALSE","FALSE","T394M","-2.25395086191571","-0.00547596132430229"
"845","T","394","R","C","G","1181","missense_variant","ACA","AGA","AGA","1","-2.43156511775901","-0.00407514039621155","11","3555715","3.09361127086957e-06","3","5231540","5.73444912970177e-07","-3.41023734262585","-0.0132975429099545","11","3555715","3.09361127086957e-06","1","3436513","2.90992642833011e-07","FALSE","FALSE","T394R","-2.92090123019243","-0.00868634165308302"
"846","T","394","V","ACA","GTG","1180","missense_variant","ACA","GTG","GTA","2","-4.14205850056403","-0.0123086380743903","6","3555715","1.68742432956522e-06","0.5","5231540","9.55741521616962e-08","-3.53576822470971","-0.0139017885834936","6","3555715","1.68742432956522e-06","0.5","3436513","1.45496321416506e-07","FALSE","FALSE","T394V","-3.83891336263687","-0.0131052133289419"
"847","T","394","W","ACA","TGG","1180","missense_variant","ACA","TGG","TGG","3","-6.08065795589989","-0.0216401293709257","23","3555715","6.46845993000001e-06","0.5","5231540","9.55741521616962e-08","-5.47436768004557","-0.023233279880029","23","3555715","6.46845993000001e-06","0.5","3436513","1.45496321416506e-07","FALSE","FALSE","T394W","-5.77751281797273","-0.0224367046254773"
"848","T","394","Y","ACA","TAC","1180","missense_variant","ACA","TAC","TAC","3","-7.25753571798397","-0.0273050564726776","52","3555715","1.46243441895652e-05","0.5","5231540","9.55741521616962e-08","-6.65124544212965","-0.0288982069817809","52","3555715","1.46243441895652e-05","0.5","3436513","1.45496321416506e-07","FALSE","FALSE","T394Y","-6.95439058005681","-0.0281016317272292"
"849","V","335","A","TG","CT","1004","missense_variant","GTG","GCT","GCG","1","-5.28938972245409","-0.0178313422523173","316","1754055.5","0.000180153934695909","12","2604968.4","4.60658179193268e-06","-9.28211609646586","-0.0415619609850521","316","1754055.5","0.000180153934695909","0.5","1727912","2.89366588113284e-07","FALSE","FALSE","V335A","-7.28575290945998","-0.0296966516186847"
"850","V","335","C","GTG","TGC","1003","missense_variant","GTG","TGC","TGC","3","-5.65803431624849","-0.0196058211468816","102","1754055.5","5.81509536043757e-05","3","2604968.4","1.15164544798317e-06","1.3435927465986","0.00958512322342719","102","1754055.5","5.81509536043757e-05","255","1727912","0.000147576959937775","FALSE","FALSE","V335C","-2.15722078482494","-0.00501034896172719"
"851","V","335","D","TG","AT","1004","missense_variant","GTG","GAT","GAT","2","0.331318439552006","0.00922406063132711","289","1754055.5","0.000164761035212398","540","2604968.4","0.00020729618063697","-2.5986721791118","-0.00939105607015981","289","1754055.5","0.000164761035212398","47","1727912","2.72004592826487e-05","FALSE","FALSE","V335D","-1.1336768697799","-8.34977194163521e-05"
"852","V","335","E","T","A","1004","missense_variant","GTG","GAG","GAG","1","-1.2642220274766","0.00154389135222866","689","1754055.5","0.000392803990523675","426","2604968.4","0.00016353365361361","-1.90684963390985","-0.00606095296839217","689","1754055.5","0.000392803990523675","181","1727912","0.000104750704897009","FALSE","FALSE","V335E","-1.58553583069322","-0.00225853080808175"
"853","V","335","F","GTG","TTC","1003","missense_variant","GTG","TTC","TTC","2","-1.62913536749275","-0.000212627069860995","729","1754055.5","0.000415608286054803","350","2604968.4","0.000134358635598036","-2.980315712417","-0.0112281056471698","729","1754055.5","0.000415608286054803","91","1727912","5.26647190366176e-05","FALSE","FALSE","V335F","-2.30472553995488","-0.00572036635851539"
"854","V","335","G","TG","GT","1004","missense_variant","GTG","GGT","GGG","1","1.18389960486747","0.0133279789017224","385","1754055.5","0.000219491344487104","1299","2604968.4","0.000498662478976712","-0.249637370106157","0.00191607486664181","385","1754055.5","0.000219491344487104","319","1727912","0.000184615883216275","FALSE","FALSE","V335G","0.467131117380657","0.00762202688418212"
"855","V","335","I","GTG","ATC","1003","missense_variant","GTG","ATC","ATC","2","2.30389764291799","0.0187191141955238","117","1754055.5","6.67025644285486e-05","858","2604968.4","0.000329370598123186","-6.84870006787217","-0.0298486591840166","117","1754055.5","6.67025644285486e-05","1","1727912","5.78733176226567e-07","FALSE","FALSE","V335I","-2.27240121247709","-0.00556477249424644"
"856","V","335","K","GT","AA","1003","missense_variant","GTG","AAG","AAG","2","0.203981486727336","0.00861112139638603","394","1754055.5","0.000224622310981608","674","2604968.4","0.000258736343980219","-1.06122835663711","-0.00199053627281508","394","1754055.5","0.000224622310981608","186","1727912","0.000107644370778141","FALSE","FALSE","V335K","-0.428623434954885","0.00331029256178548"
"857","V","335","L","G","C","1003","missense_variant","GTG","CTG","CTG","1","-0.357910591679471","0.00590644146633988","170","1754055.5","9.69182560072928e-05","197","2604968.4","7.56247177508948e-05","0.548911654576107","0.00575990823467935","170","1754055.5","9.69182560072928e-05","245","1727912","0.000141789628175509","FALSE","FALSE","V335L","0.0955005314483176","0.00583317485050961"
"858","V","335","M","G","A","1003","missense_variant","GTG","ATG","ATG","1","2.26144550129373","0.0185147698741655","58","1754055.5","3.30662285201352e-05","413","2604968.4","0.000158543190005683","1.85018418376688","0.0120236122954342","58","1754055.5","3.30662285201352e-05","206","1727912","0.000119219034302673","FALSE","FALSE","V335M","2.05581484253031","0.0152691910847998"
"859","V","335","N","GTG","AAC","1003","missense_variant","GTG","AAC","AAC","3","-1.57057147499815","6.92715201754871e-05","1","1754055.5","5.70107388278193e-07","0.5","2604968.4","1.91940907997195e-07","1.02166465171124","0.00803551522818963","1","1754055.5","5.70107388278193e-07","2","1727912","1.15746635245313e-06","FALSE","FALSE","V335N","-0.274453411643454","0.00405239337418256"
"860","V","335","P","GTG","CCT","1003","missense_variant","GTG","CCT","CCG","2","0.175290519656456","0.0084730167926866","291","1754055.5","0.000165901249988954","488","2604968.4","0.000187334326205262","0.0847168222465394","0.00352549615648674","291","1754055.5","0.000165901249988954","304","1727912","0.000175934885572876","FALSE","FALSE","V335P","0.130003670951498","0.00599925647458667"
"861","V","335","Q","GT","CA","1003","missense_variant","GTG","CAG","CAG","2","-2.2052870109164","-0.00298594573106989","295","1754055.5","0.000168181679542067","95","2604968.4","3.6468772519467e-05","-1.04335514013917","-0.00190450315043258","295","1754055.5","0.000168181679542067","141","1727912","8.1601377847946e-05","FALSE","FALSE","V335Q","-1.62432107552779","-0.00244522444075123"
"862","V","335","R","GTG","AGA","1003","missense_variant","GTG","AGA","AGG","2","-0.619069992689336","0.00464934492129327","121","1754055.5","6.89829939816614e-05","117","2604968.4","4.49141724713436e-05","-1.08984366350575","-0.00212827668445994","121","1754055.5","6.89829939816614e-05","56","1727912","3.24090578686878e-05","FALSE","FALSE","V335R","-0.854456828097544","0.00126053411841666"
"863","V","335","T","GTG","ACC","1003","missense_variant","GTG","ACC","ACG","2","-8.75048056501308","-0.0344913794688563","145","1754055.5","8.2665571300338e-05","0.5","2604968.4","1.91940907997195e-07","-1.22750710074081","-0.00279092268019377","145","1754055.5","8.2665571300338e-05","61","1727912","3.53027237498206e-05","FALSE","FALSE","V335T","-4.98899383287695","-0.018641151074525"
"864","V","335","Y","GTG","TAC","1003","missense_variant","GTG","TAC","TAC","3","0.402696625935725","0.00956764110803097","463","1754055.5","0.000263959720772803","909","2604968.4","0.0003489485707389","-0.15724669860725","0.00236079940455506","463","1754055.5","0.000263959720772803","409","1727912","0.000236701869076666","FALSE","FALSE","V335Y","0.122724963664237","0.00596422025629302"
"865","V","338","E","T","A","1013","missense_variant","GTG","GAG","GAG","1","7.97573927339312","0.0460206491590401","2","1749562.2","1.14314312460569e-06","746","2592396.7","0.000287764600224958","9.34058306199294","0.048078812737877","2","1749562.2","1.14314312460569e-06","1185","1598902.8","0.000741133232113922","FALSE","FALSE","V338E","8.65816116769303","0.0470497309484586"
"866","V","338","F","GTG","TTC","1012","missense_variant","GTG","TTC","TTC","2","-0.983655443607532","0.0028944048006188","363","1749562.2","0.000207480477115932","272","2592396.7","0.000104922213486848","-9.37391401978843","-0.0420038323165263","363","1749562.2","0.000207480477115932","0.5","1598902.8","3.12714443929925e-07","FALSE","FALSE","V338F","-5.17878473169798","-0.0195547137579538"
"867","V","338","G","TG","GT","1013","missense_variant","GTG","GGT","GGG","1","-9.711950789694","-0.039119437631564","283","1749562.2","0.000161754752131705","0.5","2592396.7","1.9287171596847e-07","-9.01474652462456","-0.0402749716455429","283","1749562.2","0.000161754752131705","0.5","1598902.8","3.12714443929925e-07","FALSE","FALSE","V338G","-9.36334865715928","-0.0396972046385535"
"868","V","338","I","GTG","ATC","1012","missense_variant","GTG","ATC","ATC","2","3.60263245458019","0.0249706028969036","1","1749562.2","5.71571562302844e-07","18","2592396.7","6.94338177486493e-06","-0.870088281792679","-0.00107047930079819","1","1749562.2","5.71571562302844e-07","0.5","1598902.8","3.12714443929925e-07","FALSE","FALSE","V338I","1.36627208639376","0.0119500617980527"
"869","V","338","K","GT","AA","1012","missense_variant","GTG","AAG","AAG","2","0.303028906364284","0.00908788833849081","285","1749562.2","0.00016289789525631","521","2592396.7","0.000200972328039146","-1.21755146878718","-0.00274300102589271","285","1749562.2","0.00016289789525631","112","1598902.8","7.00480354403032e-05","FALSE","FALSE","V338K","-0.457261281211448","0.00317244365629905"
"870","V","338","L","G","C","1012","missense_variant","GTG","CTG","CTG","1","3.64216081876683","0.0251608735509878","76","1749562.2","4.34394387350161e-05","1406","2592396.7","0.000542355265303339","-0.260034800108693","0.00186602660767426","76","1749562.2","4.34394387350161e-05","58","1598902.8","3.62748754958713e-05","FALSE","FALSE","V338L","1.69106300932907","0.013513450079331"
"871","V","338","M","G","A","1012","missense_variant","GTG","ATG","ATG","1","0.83593565012709","0.0116530467200225","276","1749562.2","0.000157753751195585","730","2592396.7","0.000281592705313967","-0.07172214296233","0.00277247374215171","276","1749562.2","0.000157753751195585","240","1598902.8","0.000150102933086364","FALSE","FALSE","V338M","0.38210675358238","0.00721276023108713"
"872","V","338","N","GTG","AAC","1012","missense_variant","GTG","AAC","AAC","3","1.13448361884179","0.013090113961526","83","1749562.2","4.7440439671136e-05","270","2592396.7","0.000104150726622974","-1.437772791082","-0.00380304122483603","83","1749562.2","4.7440439671136e-05","28","1598902.8","1.75120088600758e-05","FALSE","FALSE","V338N","-0.151644586120107","0.00464353636834496"
"873","V","338","P","GTG","CCT","1012","missense_variant","GTG","CCT","CCG","2","-1.51198517518302","0.000351277968344179","435","1749562.2","0.000248633629601737","226","2592396.7","8.71780156177486e-05","0.3016780664738","0.00456984389764579","435","1749562.2","0.000248633629601737","490","1598902.8","0.000306460155051326","FALSE","FALSE","V338P","-0.605153554354612","0.00246056093299498"
"874","V","338","Q","GT","CA","1012","missense_variant","GTG","CAG","CAG","2","-1.03419928606156","0.00265111089859325","387","1749562.2","0.0002211981946112","280","2592396.7","0.000108008160942343","-7.46627803793709","-0.0328213843835058","387","1749562.2","0.0002211981946112","2","1598902.8","1.2508577757197e-06","FALSE","FALSE","V338Q","-4.25023866199933","-0.0150851367424563"
"875","V","338","R","GTG","AGA","1012","missense_variant","GTG","AGA","AGG","2","-8.55028612155643","-0.0335277390935386","253","1749562.2","0.000144607605262619","1","2592396.7","3.85743431936941e-07","-8.85308185648699","-0.0394967951947393","253","1749562.2","0.000144607605262619","0.5","1598902.8","3.12714443929925e-07","FALSE","FALSE","V338R","-8.70168398902171","-0.036512267144139"
"876","V","338","T","GTG","ACC","1012","missense_variant","GTG","ACC","ACG","2","-6.18200239097733","-0.022127953047588","245","1749562.2","0.000140035032764197","5","2592396.7","1.9287171596847e-06","0.934740765605897","0.00761710518251441","245","1749562.2","0.000140035032764197","428","1598902.8","0.000267683564004016","FALSE","FALSE","V338T","-2.62363081268572","-0.00725542393253677"
"877","V","338","W","GT","TG","1012","missense_variant","GTG","TGG","TGG","2","1.75463554802524","0.0160752289700838","28","1749562.2","1.60040037444796e-05","140","2592396.7","5.40040804711717e-05","-5.67744320385028","-0.0242107883992371","28","1749562.2","1.60040037444796e-05","0.5","1598902.8","3.12714443929925e-07","FALSE","FALSE","V338W","-1.96140382791252","-0.00406777971457668"
"878","V","338","Y","GTG","TAC","1012","missense_variant","GTG","TAC","TAC","3","-0.593221011852646","0.00477376956148285","786","1749562.2","0.000449255247970035","772","2592396.7","0.000297793929455318","-3.01274035308489","-0.0113841823711949","786","1749562.2","0.000449255247970035","89","1598902.8","5.56631710195266e-05","FALSE","FALSE","V338Y","-1.80298068246877","-0.00330520640485601"
"879","V","339","C","GTG","TGC","1015","missense_variant","GTG","TGC","TGC","3","7.09910880282097","0.0418009690266094","4","1776413","2.25172862391797e-06","771","2497431.8","0.000308717138942493","5.58856653279722","0.030018398302972","4","1776413","2.25172862391797e-06","172","1587399.5","0.000108353316225689","FALSE","FALSE","V339C","6.34383766780909","0.0359096836647907"
"880","V","339","D","TG","AT","1016","missense_variant","GTG","GAT","GAT","2","0.595233386099263","0.0104944210556803","113","1776413","6.36113336256828e-05","240","2497431.8","9.6098720293383e-05","2.03560977317926","0.0129161624656068","113","1776413","6.36113336256828e-05","414","1587399.5","0.000260803912310669","FALSE","FALSE","V339D","1.31542157963926","0.0117052917606435"
"881","V","339","E","T","A","1016","missense_variant","GTG","GAG","GAG","1","6.28988146643059","0.0379057353693106","2","1776413","1.12586431195899e-06","220","2497431.8","8.80904936022677e-05","-1.83769822190488","-0.00572809111934368","2","1776413","1.12586431195899e-06","0.5","1587399.5","3.14980570423513e-07","FALSE","FALSE","V339E","2.22609162226286","0.0160888221249835"
"882","V","339","F","GTG","TTC","1015","missense_variant","GTG","TTC","TTC","2","2.04676775472006","0.0174814137993981","272","1776413","0.000153117546426422","1580","2497431.8","0.000632649908598105","1.68401767498676","0.0112237661352645","272","1776413","0.000153117546426422","781","1587399.5","0.000491999651001528","FALSE","FALSE","V339F","1.86539271485341","0.0143525899673313"
"883","V","339","G","TG","GT","1016","missense_variant","GTG","GGT","GGG","1","3.00702965551017","0.0221036556683689","149","1776413","8.38768912409445e-05","1684","2497431.8","0.000674292687391904","-1.44215689825183","-0.00382414422153077","149","1776413","8.38768912409445e-05","49","1587399.5","3.08680959015043e-05","FALSE","FALSE","V339G","0.782436378629166","0.00913975572341908"
"884","V","339","I","GTG","ATC","1015","missense_variant","GTG","ATC","ATC","2","0.156678080114282","0.00838342540385326","201","1776413","0.000113149363351878","315","2497431.8","0.000126129570385065","-8.48874991308381","-0.0377430753380876","201","1776413","0.000113149363351878","0.5","1587399.5","3.14980570423513e-07","FALSE","FALSE","V339I","-4.16603591648476","-0.0146798249671172"
"885","V","339","K","GT","AA","1015","missense_variant","GTG","AAG","AAG","2","0.248654626150821","0.00882615653970652","182","1776413","0.000102453652388268","304","2497431.8","0.000121725045704952","0.209095989574061","0.00412419802560802","182","1776413","0.000102453652388268","188","1587399.5","0.000118432694479241","FALSE","FALSE","V339K","0.228875307862441","0.00647517728265727"
"886","V","339","L","G","C","1015","missense_variant","GTG","CTG","CTG","1","-0.161224219917318","0.00685319566107253","311","1776413","0.000175071900509622","391","2497431.8","0.000156560831811303","0.311983559630049","0.0046194496165731","311","1776413","0.000175071900509622","345","1587399.5","0.000217336593592224","FALSE","FALSE","V339L","0.0753796698563653","0.00573632263882282"
"887","V","339","M","G","A","1015","missense_variant","GTG","ATG","ATG","1","-1.03767117765065","0.00263439887174475","257","1776413","0.00014467356408673","176","2497431.8","7.04723948818142e-05","-0.206698150555109","0.00212276374835885","257","1776413","0.00014467356408673","199","1587399.5","0.000125362267028558","FALSE","FALSE","V339M","-0.622184664102879","0.0023785813100518"
"888","V","339","P","GTG","CCT","1015","missense_variant","GTG","CCT","CCG","2","-0.866223040424879","0.00345966826709404","459","1776413","0.000258385859594588","354","2497431.8","0.00014174561243274","0.274147745068187","0.00443732608749155","459","1776413","0.000258385859594588","496","1587399.5","0.000312460725860125","FALSE","FALSE","V339P","-0.296037647678346","0.0039484971772928"
"889","V","339","Q","GT","CA","1015","missense_variant","GTG","CAG","CAG","2","-3.07644074781522","-0.00717926348499821","3","1776413","1.68879646793848e-06","0.5","2497431.8","2.00205667277881e-07","5.71689062977276","0.0306360891780865","3","1776413","1.68879646793848e-06","141","1587399.5","8.88245208594308e-05","FALSE","FALSE","V339Q","1.32022494097877","0.0117284128465442"
"890","V","339","R","GTG","AGA","1015","missense_variant","GTG","AGA","AGG","2","1.12475131422652","0.0130432672983008","213","1776413","0.000119904549223632","653","2497431.8","0.000261468601464913","1.04964397732566","0.00817019433002021","213","1776413","0.000119904549223632","394","1587399.5","0.000248204689493729","FALSE","FALSE","V339R","1.08719764577609","0.0106067308141605"
"891","V","339","S","GTG","AGC","1015","missense_variant","GTG","AGC","TCG","2","-0.587908009777161","0.00479934381432265","232","1776413","0.000130600260187242","217","2497431.8","8.68892595986005e-05","-0.608216375782113","0.000190046902806552","232","1776413","0.000130600260187242","136","1587399.5","8.56747151551956e-05","FALSE","FALSE","V339S","-0.598062192779637","0.0024946953585646"
"892","V","339","W","GT","TG","1015","missense_variant","GTG","TGG","TGG","2","-0.309707002803647","0.00613847050607702","283","1776413","0.000159309800142197","321","2497431.8","0.0001285320383924","1.11830587426844","0.00850069988750482","283","1776413","0.000159309800142197","549","1587399.5","0.000345848666325018","FALSE","FALSE","V339W","0.404299435732394","0.00731958519679092"
"893","V","339","Y","GTG","TAC","1015","missense_variant","GTG","TAC","TAC","3","0.733254312696896","0.0111587878343568","264","1776413","0.000148614089178586","617","2497431.8","0.000247053793420905","1.2548987708169","0.00915819281199844","264","1776413","0.000148614089178586","563","1587399.5","0.000354668122296876","FALSE","FALSE","V339Y","0.994076541756896","0.0101584903231776"
"894","V","371","A","TA","CT","1112","missense_variant","GTA","GCT","GCA","1","-1.63632269099345","-0.000247223410279598","131","3555715","3.6842097862174e-05","62","5231540","1.18511948680503e-05","0.254176013799074","0.00434119171790762","131","3555715","3.6842097862174e-05","151","3436513","4.39398890677847e-05","FALSE","FALSE","V371A","-0.691073338597187","0.00204698415381401"
"895","V","371","D","TA","AT","1112","missense_variant","GTA","GAT","GAT","2","-5.25753571798397","-0.0176780122982339","13","3555715","3.65608604739131e-06","0.5","5231540","9.55741521616962e-08","0.255645153478872","0.00434826345420554","13","3555715","3.65608604739131e-06","15","3436513","4.36488964249517e-06","FALSE","FALSE","V371D","-2.50094528225255","-0.00666487442201419"
"896","V","371","E","TA","AG","1112","missense_variant","GTA","GAG","GAA","1","-3.65663167339379","-0.00997202532007632","60","3555715","1.68742432956522e-05","7","5231540","1.33803813026375e-06","-0.242986475481865","0.00194808909481563","60","3555715","1.68742432956522e-05","49","3436513","1.42586394988176e-05","FALSE","FALSE","V371E","-1.94980907443783","-0.00401196811263034"
"897","V","371","F","GTA","TTC","1111","missense_variant","GTA","TTC","TTC","2","-2.52392913590767","-0.00451973663763468","43","3555715","1.20932076952174e-05","11","5231540","2.10263134755732e-06","-3.05514238380329","-0.011588285482601","43","3555715","1.20932076952174e-05","5","3436513","1.45496321416506e-06","FALSE","FALSE","V371F","-2.78953575985548","-0.00805401106011782"
"898","V","371","H","GTA","CAC","1111","missense_variant","GTA","CAC","CAC","3","0.883476591543107","0.0118818860915759","7","3555715","1.96866171782609e-06","19","5231540","3.63181778214445e-06","-3.75816064604616","-0.0149722794156273","7","3555715","1.96866171782609e-06","0.5","3436513","1.45496321416506e-07","FALSE","FALSE","V371H","-1.43734202725153","-0.00154519666202572"
"899","V","371","I","GTA","ATC","1111","missense_variant","GTA","ATC","ATA","1","0.918637431123524","0.0120511335695015","32","3555715","8.99959642434785e-06","89","5231540","1.70121990847819e-05","0.541047372341121","0.0057220533384411","32","3555715","8.99959642434785e-06","45","3436513","1.30946689274855e-05","FALSE","FALSE","V371I","0.729842401732322","0.00888659345397128"
"900","V","371","K","GTA","AAG","1111","missense_variant","GTA","AAG","AAA","2","-7.48783333740576","-0.028413599150399","61","3555715","1.71554806839131e-05","0.5","5231540","9.55741521616962e-08","-0.711618060109128","-0.000307679388557478","61","3555715","1.71554806839131e-05","36","3436513","1.04757351419884e-05","FALSE","FALSE","V371K","-4.09972569875744","-0.0143606392694783"
"901","V","371","L","GTA","CTG","1111","missense_variant","GTA","CTG","CTA","1","0.0390070584834825","0.00781701334220745","43","3555715","1.20932076952174e-05","65","5231540","1.24246397810205e-05","-0.853508522633639","-0.000990672263885335","43","3555715","1.20932076952174e-05","23","3436513","6.69283078515926e-06","FALSE","FALSE","V371L","-0.407250732075078","0.00341317053916106"
"902","V","371","M","GTA","ATG","1111","missense_variant","GTA","ATG","ATG","2","-0.935607623096604","0.00312568404589102","182","3555715","5.11852046634784e-05","140","5231540","2.67607626052749e-05","-2.10104835956917","-0.00699573282366363","182","3555715","5.11852046634784e-05","41","3436513","1.19306983561535e-05","FALSE","FALSE","V371M","-1.51832799133289","-0.00193502438888631"
"903","V","371","N","GTA","AAC","1111","missense_variant","GTA","AAC","AAC","3","-2.26491524834956","-0.00327296756897652","49","3555715","1.37806320247826e-05","15","5231540","2.86722456485089e-06","-6.56551556810376","-0.0284855443396226","49","3555715","1.37806320247826e-05","0.5","3436513","1.45496321416506e-07","FALSE","FALSE","V371N","-4.41521540822666","-0.0158792559542995"
"904","V","371","P","GTA","CCT","1111","missense_variant","GTA","CCT","CCA","2","-7.9321354311898","-0.0305522570922274","83","3555715","2.33427032256522e-05","0.5","5231540","9.55741521616962e-08","-1.68198896556075","-0.00497858117474634","83","3555715","2.33427032256522e-05","25","3436513","7.27481607082528e-06","FALSE","FALSE","V371P","-4.80706219837528","-0.0177654191334869"
"905","V","371","Q","GTA","CAG","1111","missense_variant","GTA","CAG","CAA","2","-2.04894909617255","-0.00223340972538014","45","3555715","1.26556824717392e-05","16","5231540","3.05837286917428e-06","-6.44265882031823","-0.0278941706705926","45","3555715","1.26556824717392e-05","0.5","3436513","1.45496321416506e-07","FALSE","FALSE","V371Q","-4.24580395824539","-0.0150637901979864"
"906","V","371","S","GTA","AGC","1111","missense_variant","GTA","AGC","TCA","2","-1.21829408639112","0.00176496651106426","68","3555715","1.91241424017392e-05","43","5231540","8.21937708590587e-06","-6.03826856523889","-0.025947629245911","68","3555715","1.91241424017392e-05","1","3436513","2.90992642833011e-07","FALSE","FALSE","V371S","-3.628281325815","-0.0120913313674234"
"907","V","371","T","GTA","ACC","1111","missense_variant","GTA","ACC","ACA","2","-3.39789740499362","-0.00872660220441092","480","3555715","0.000134993946365218","67","5231540","1.28069363896673e-05","-2.70794920009239","-0.00991706342427567","480","3555715","0.000134993946365218","71","3436513","2.06604776411438e-05","FALSE","FALSE","V371T","-3.05292330254301","-0.0093218328143433"
"908","V","371","W","GTA","TGG","1111","missense_variant","GTA","TGG","TGG","3","-6.68637901678784","-0.0245557810762053","140","3555715","3.93732343565218e-05","2","5231540","3.82296608646785e-07","-1.79468652207127","-0.00552105335218565","140","3555715","3.93732343565218e-05","39","3436513","1.13487130704874e-05","FALSE","FALSE","V371W","-4.24053276942956","-0.0150384172141955"
"909","V","371","Y","GTA","TAC","1111","missense_variant","GTA","TAC","TAC","3","-1.81489375731052","-0.00110677918213558","55","3555715","1.54680563543479e-05","23","5231540","4.39641099943802e-06","0.759687658816461","0.00677448318654666","55","3555715","1.54680563543479e-05","90","3436513","2.6189337854971e-05","FALSE","FALSE","V371Y","-0.52760304924703","0.00283385200220554"
"910","V","377","A","TG","CT","1130","missense_variant","GTG","GCT","GCG","1","-0.720108656608873","0.00416299308085319","28","3556913.2","7.87199417742328e-06","25","5231540","4.77870760808481e-06","-1.05723485238819","-0.00197131345190749","28","3556913.2","7.87199417742328e-06","13","3436513","3.78290435682915e-06","FALSE","FALSE","V377A","-0.88867175449853","0.00109583981447285"
"911","V","377","C","GTG","TGC","1129","missense_variant","GTG","TGC","TGC","3","1.96123838053663","0.0170697162676599","11","3556913.2","3.09256914113057e-06","63","5231540","1.20423431723737e-05","-2.40975126710897","-0.00848168108749608","11","3556913.2","3.09256914113057e-06","2","3436513","5.81985285666023e-07","FALSE","FALSE","V377C","-0.224256443286173","0.00429401759008191"
"912","V","377","D","TG","AT","1130","missense_variant","GTG","GAT","GAT","2","-3.23468182943863","-0.00794096042649836","32","3556913.2","8.99656477419803e-06","5","5231540","9.55741521616962e-07","-0.780394647029362","-0.000638737008781755","32","3556913.2","8.99656477419803e-06","18","3436513","5.2378675709942e-06","FALSE","FALSE","V377D","-2.007538238234","-0.00428984871764006"
"913","V","377","E","T","A","1130","missense_variant","GTG","GAG","GAG","1","0.0283525763951625","0.00776572775734741","2","3556913.2","5.62285298387377e-07","3","5231540","5.73444912970177e-07","-0.950319648471674","-0.00145667475639553","2","3556913.2","5.62285298387377e-07","1","3436513","2.90992642833011e-07","FALSE","FALSE","V377E","-0.460983536038256","0.00315452650047594"
"914","V","377","F","GTG","TTC","1129","missense_variant","GTG","TTC","TTC","2","-5.98287467902809","-0.0211694474079424","43","3556913.2","1.20891339153286e-05","1","5231540","1.91148304323392e-07","-1.20665940173146","-0.0026905718205445","43","3556913.2","1.20891339153286e-05","18","3436513","5.2378675709942e-06","FALSE","FALSE","V377F","-3.59476704037978","-0.0119300096142434"
"915","V","377","G","TG","GT","1130","missense_variant","GTG","GGT","GGG","1","-2.44243890440668","-0.00412748160841183","85","3556913.2","2.38971251814635e-05","23","5231540","4.39641099943802e-06","-7.35971058460938","-0.0323084195931338","85","3556913.2","2.38971251814635e-05","0.5","3436513","1.45496321416506e-07","FALSE","FALSE","V377G","-4.90107474450803","-0.0182179506007728"
"916","V","377","H","GTG","CAC","1129","missense_variant","GTG","CAC","CAC","3","0.738845959200177","0.0111857033483043","11","3556913.2","3.09256914113057e-06","27","5231540","5.16100421673159e-06","0.175211233612185","0.00396109300436541","11","3556913.2","3.09256914113057e-06","12","3436513","3.49191171399613e-06","FALSE","FALSE","V377H","0.457028596406181","0.00757339817633486"
"917","V","377","I","GTG","ATC","1129","missense_variant","GTG","ATC","ATC","2","-3.3639648463836","-0.00856326708406563","7","3556913.2","1.96799854435582e-06","1","5231540","1.91148304323392e-07","0.412250430913034","0.00510208641611038","7","3556913.2","1.96799854435582e-06","9","3436513","2.6189337854971e-06","FALSE","FALSE","V377I","-1.47585720773528","-0.00173059033397762"
"918","V","377","K","GT","AA","1129","missense_variant","GTG","AAG","AAG","2","-6.01604154296329","-0.0213290968400583","22","3556913.2","6.18513828226115e-06","0.5","5231540","9.55741521616962e-08","-1.82478876638782","-0.00566595117007828","22","3556913.2","6.18513828226115e-06","6","3436513","1.74595585699807e-06","FALSE","FALSE","V377K","-3.92041515467555","-0.0134975240050683"
"919","V","377","L","G","C","1129","missense_variant","GTG","CTG","CTG","1","-4.01604154296329","-0.0117020526656146","33","3556913.2","9.27770742339172e-06","3","5231540","5.73444912970177e-07","-0.239826265666659","0.00196330083456138","33","3556913.2","9.27770742339172e-06","27","3436513","7.8568013564913e-06","FALSE","FALSE","V377L","-2.12793390431497","-0.00486937591552663"
"920","V","377","M","G","A","1129","missense_variant","GTG","ATG","ATG","1","0.0504563360296723","0.00787212469255877","2634","3556913.2","0.000740529737976175","4012","5231540","0.00076688699694545","0.333649359713458","0.00472373842381193","2634","3556913.2","0.000740529737976175","3207","3436513","0.000933213405565467","FALSE","FALSE","V377M","0.192052847871565","0.00629793155818535"
"921","V","377","N","GTG","AAC","1129","missense_variant","GTG","AAC","AAC","3","-0.726534925768306","0.00413206009231583","18","3556913.2","5.06056768548639e-06","16","5231540","3.05837286917428e-06","-4.12024464991399","-0.0167151787656748","18","3556913.2","5.06056768548639e-06","1","3436513","2.90992642833011e-07","FALSE","FALSE","V377N","-2.42338978784115","-0.0062915593366795"
"922","V","377","P","GTG","CCT","1129","missense_variant","GTG","CCT","CCG","2","-2.14157242504715","-0.00267925416471005","60","3556913.2","1.68685589516213e-05","20","5231540","3.82296608646785e-06","-1.76974740282985","-0.00540100835088122","60","3556913.2","1.68685589516213e-05","17","3436513","4.94687492816119e-06","FALSE","FALSE","V377P","-1.9556599139385","-0.00404013125779563"
"923","V","377","Q","GT","CA","1129","missense_variant","GTG","CAG","CAG","2","-0.386684922883682","0.00576793558754337","32","3556913.2","8.99656477419803e-06","36","5231540","6.88133895564212e-06","-1.24987993033058","-0.00289861478957778","32","3556913.2","8.99656477419803e-06","13","3436513","3.78290435682915e-06","FALSE","FALSE","V377Q","-0.818282426607132","0.0014346603989828"
"924","V","377","R","GTG","AGA","1129","missense_variant","GTG","AGA","AGG","2","-1.47172102673948","0.000545090336200353","66","3556913.2","1.85554148467834e-05","35","5231540","6.69019065131873e-06","-4.99471376783013","-0.0209244551793576","66","3556913.2","1.85554148467834e-05","2","3436513","5.81985285666023e-07","FALSE","FALSE","V377R","-3.2332173972848","-0.0101896824215786"
"925","V","377","S","GTG","AGC","1129","missense_variant","GTG","AGC","TCG","2","-1.02609520762721","0.00269012005913357","72","3556913.2","2.02422707419456e-05","52","5231540","9.9397118248164e-06","-1.53528214919283","-0.00427240467381334","72","3556913.2","2.02422707419456e-05","24","3436513","6.98382342799227e-06","FALSE","FALSE","V377S","-1.28068867841002","-0.000791142307339881"
"926","V","377","Y","GTG","TAC","1129","missense_variant","GTG","TAC","TAC","3","-1.0247587600644","0.00269655307899559","83","3556913.2","2.33348398830761e-05","60","5231540","1.14688982594035e-05","-1.80179712376159","-0.00555528039047541","83","3556913.2","2.33348398830761e-05","23","3436513","6.69283078515926e-06","FALSE","FALSE","V377Y","-1.41327794191299","-0.00142936365573991"
"927","V","379","A","TA","CT","1136","missense_variant","GTA","GCT","GCA","1","-2.62748532773427","-0.00501820665426059","21","3555715","5.90598515347827e-06","5","5231540","9.55741521616962e-07","-0.758160646046158","-0.000531713153961793","21","3555715","5.90598515347827e-06","12","3436513","3.49191171399613e-06","FALSE","FALSE","V379A","-1.69282298689021","-0.00277495990411119"
"928","V","379","C","GTA","TGC","1135","missense_variant","GTA","TGC","TGC","3","-0.14205850056403","0.00694545027449707","36","3555715","1.01245459773913e-05","48","5231540","9.17511860752283e-06","-6.12073072543087","-0.0263445626753551","36","3555715","1.01245459773913e-05","0.5","3436513","1.45496321416506e-07","FALSE","FALSE","V379C","-3.13139461299745","-0.009699556200429"
"929","V","379","D","TA","AT","1136","missense_variant","GTA","GAT","GAT","2","-4.14205850056403","-0.0123086380743903","6","3555715","1.68742432956522e-06","0.5","5231540","9.55741521616962e-08","0.46423177529029","0.00535229976539379","6","3555715","1.68742432956522e-06","8","3436513","2.32794114266409e-06","FALSE","FALSE","V379D","-1.83891336263687","-0.00347816915449825"
"930","V","379","F","GTA","TTC","1135","missense_variant","GTA","TTC","TTC","2","-4.70005395368492","-0.014994561512557","53","3555715","1.49055815778261e-05","3","5231540","5.73444912970177e-07","-2.67872617855175","-0.00977639776463445","53","3555715","1.49055815778261e-05","8","3436513","2.32794114266409e-06","FALSE","FALSE","V379F","-3.68939006611834","-0.0123854796385958"
"931","V","379","G","TA","GT","1136","missense_variant","GTA","GGT","GGA","1","-1.05959634037206","0.00252886161671932","17","3555715","4.78103560043479e-06","12","5231540","2.29377965188071e-06","0.769086356818711","0.00681972402697162","17","3555715","4.78103560043479e-06","28","3436513","8.14779399932432e-06","FALSE","FALSE","V379G","-0.145254991776673","0.00467429282184547"
"932","V","379","H","GTA","CAC","1135","missense_variant","GTA","CAC","CAC","3","-6.94941342262163","-0.0258219029983855","42","3555715","1.18119703069565e-05","0.5","5231540","9.55741521616962e-08","0.271586697347894","0.00442499842772349","42","3555715","1.18119703069565e-05","49","3436513","1.42586394988176e-05","FALSE","FALSE","V379H","-3.33891336263687","-0.010698452285331"
"933","V","379","I","GTA","ATC","1135","missense_variant","GTA","ATC","ATA","1","1.72830621901937","0.0159484921633723","8","3555715","2.24989910608696e-06","39","5231540","7.4547838686123e-06","-3.95080572398855","-0.0158995807532976","8","3555715","2.24989910608696e-06","0.5","3436513","1.45496321416506e-07","FALSE","FALSE","V379I","-1.11124975248459","2.44557050373337e-05"
"934","V","379","K","GTA","AAG","1135","missense_variant","GTA","AAG","AAA","2","-4.14205850056403","-0.0123086380743903","6","3555715","1.68742432956522e-06","0.5","5231540","9.55741521616962e-08","2.10808796506501","0.0132650378430908","6","3555715","1.68742432956522e-06","25","3436513","7.27481607082528e-06","FALSE","FALSE","V379K","-1.01698526774951","0.000478199884350235"
"935","V","379","L","GTA","CTG","1135","missense_variant","GTA","CTG","CTA","1","-0.444621270584461","0.00548905769823271","37","3555715","1.04057833656522e-05","40","5231540","7.64593217293569e-06","-0.516402899842779","0.000631993097145144","37","3555715","1.04057833656522e-05","25","3436513","7.27481607082528e-06","FALSE","FALSE","V379L","-0.48051208521362","0.00306052539768892"
"936","V","379","M","GTA","ATG","1135","missense_variant","GTA","ATG","ATG","2","0.0595753606056202","0.00791601931876901","30","3555715","8.43712164782611e-06","46","5231540","8.79282199887605e-06","1.0964999907898","0.00839573678574903","30","3555715","8.43712164782611e-06","62","3436513","1.80415438556467e-05","FALSE","FALSE","V379M","0.578037675697711","0.00815587805225902"
"937","V","379","N","GTA","AAC","1135","missense_variant","GTA","AAC","AAC","3","-4.14205850056403","-0.0123086380743903","6","3555715","1.68742432956522e-06","0.5","5231540","9.55741521616962e-08","0.786159870177652","0.00690190776063136","6","3555715","1.68742432956522e-06","10","3436513","2.90992642833011e-06","FALSE","FALSE","V379N","-1.67794931519319","-0.00270336515687947"
"938","V","379","P","GTA","CCT","1135","missense_variant","GTA","CCT","CCA","2","-5.01652761848017","-0.016517914488073","11","3555715","3.09361127086957e-06","0.5","5231540","9.55741521616962e-08","0.677225498624488","0.00637754975710257","11","3555715","3.09361127086957e-06","17","3436513","4.94687492816119e-06","FALSE","FALSE","V379P","-2.16965105992784","-0.00507018236548524"
"939","V","379","Q","GTA","CAG","1135","missense_variant","GTA","CAG","CAA","2","1.34979459576564","0.0141265181045703","4","3555715","1.12494955304348e-06","15","5231540","2.86722456485089e-06","-2.95080572398855","-0.0110860586660758","4","3555715","1.12494955304348e-06","0.5","3436513","1.45496321416506e-07","FALSE","FALSE","V379Q","-0.800505564111455","0.00152022971924724"
"940","V","379","R","GT","AG","1135","missense_variant","GTA","AGA","AGA","2","-2.14205850056403","-0.00268159389994661","9","3555715","2.53113649434783e-06","3","5231540","5.73444912970177e-07","-0.120730725430867","0.00253656984797598","9","3555715","2.53113649434783e-06","8","3436513","2.32794114266409e-06","FALSE","FALSE","V379R","-1.13139461299745","-7.25120259853144e-05"
"941","V","379","S","GTA","AGC","1135","missense_variant","GTA","AGC","TCA","2","-5.87902409473024","-0.0206695603266537","20","3555715","5.6247477652174e-06","0.5","5231540","9.55741521616962e-08","0.186697799761381","0.0040163838442309","20","3555715","5.6247477652174e-06","22","3436513","6.40183814232625e-06","FALSE","FALSE","V379S","-2.84616314748443","-0.00832658824121142"
"942","V","379","T","GTA","ACC","1135","missense_variant","GTA","ACC","ACA","2","-5.25753571798397","-0.0176780122982339","13","3555715","3.65608604739131e-06","0.5","5231540","9.55741521616962e-08","-4.65124544212965","-0.0192711628073372","13","3555715","3.65608604739131e-06","0.5","3436513","1.45496321416506e-07","FALSE","FALSE","V379T","-4.95439058005681","-0.0184745875527856"
"943","V","379","W","GTA","TGG","1135","missense_variant","GTA","TGG","TGG","3","-0.0545956593136908","0.00736645459266676","12","3555715","3.37484865913044e-06","17","5231540","3.24952117349767e-06","-0.728413302652106","-0.00038852365949835","12","3555715","3.37484865913044e-06","7","3436513","2.03694849983108e-06","FALSE","FALSE","V379W","-0.391504480982898","0.00348896546658421"
"944","V","379","Y","GTA","TAC","1135","missense_variant","GTA","TAC","TAC","3","-0.791561253479897","0.00381905442762516","40","3555715","1.12494955304348e-05","34","5231540","6.49904234699534e-06","0.0126683999863316","0.00317868948458774","40","3555715","1.12494955304348e-05","39","3436513","1.13487130704874e-05","FALSE","FALSE","V379Y","-0.389446426746783","0.00349887195610645"
"945","Y","326","C","A","G","977","missense_variant","TAC","TGC","TGC","1","0.33432328415305","0.0092385245171829","2158","1776413","0.00121480759260375","3831","2501285.8","0.00153161226118183","0.342129417584192","0.00476455736967362","2158","1776413","0.00121480759260375","2499","1622809.5","0.00153992196865991","FALSE","FALSE","Y326C","0.338226350868621","0.00700154094342826"
"946","Y","326","D","TAC","GAT","976","missense_variant","TAC","GAT","GAC","1","-9.26848993638399","-0.036984829019338","219","1776413","0.000123282142159509","0.5","2501285.8","1.99897188877816e-07","-6.64431367861567","-0.028864840785003","219","1776413","0.000123282142159509","2","1622809.5","1.23243054714678e-06","FALSE","FALSE","Y326D","-7.95640180749983","-0.0329248349021705"
"947","Y","326","E","TAC","GAG","976","missense_variant","TAC","GAG","GAG","2","-2.8278285599401","-0.00598256322750878","1069","1776413","0.000601774474742079","212","2501285.8","8.47564080841941e-05","-1.60514326961268","-0.00460868271999236","1069","1776413","0.000601774474742079","321","1622809.5","0.000197805102817059","FALSE","FALSE","Y326E","-2.21648591477639","-0.00529562297375057"
"948","Y","326","F","A","T","977","missense_variant","TAC","TTC","TTC","1","0.806664313753294","0.0115121484958648","391","1776413","0.000220106472987982","963","2501285.8","0.000385001985778674","0.635792544915621","0.0061781113192861","391","1776413","0.000220106472987982","555","1622809.5","0.000341999476833233","FALSE","FALSE","Y326F","0.721228429334457","0.00884512990757544"
"949","Y","326","G","TAC","GGT","976","missense_variant","TAC","GGT","GGC","2","0.375477912772465","0.00943662323103387","323","1776413","0.000181827086381376","590","2501285.8","0.000235878682875823","1.27688245795733","0.0092640117756075","323","1776413","0.000181827086381376","715","1622809.5","0.000440593920604976","FALSE","FALSE","Y326G","0.826180185364899","0.00935031750332069"
"950","Y","326","H","T","C","976","missense_variant","TAC","CAC","CAC","1","1.48980900042862","0.0148004805339447","22","1776413","1.23845074315489e-05","87","2501285.8","3.478211086474e-05","0.130473380985505","0.00374574636261201","22","1776413","1.23845074315489e-05","22","1622809.5","1.35567360186146e-05","FALSE","FALSE","Y326H","0.810141190707061","0.00927311344827835"
"951","Y","326","I","TA","AT","976","missense_variant","TAC","ATC","ATC","2","-0.264275478488694","0.0063571561518232","2338","1776413","0.00131613538068006","2741","2501285.8","0.00109583638942819","-0.467194710754414","0.000868857802194179","2338","1776413","0.00131613538068006","1545","1622809.5","0.000952052597670891","FALSE","FALSE","Y326I","-0.365735094621554","0.00361300697700869"
"952","Y","326","I","TAC","ATC","976","missense_variant","TAC","ATC","ATC","2","-2.07866537750397","-0.00237644970191903","3","1776413","1.68879646793848e-06","1","2501285.8","3.99794377755633e-07","-1.45448911973565","-0.00388350564202764","3","1776413","1.68879646793848e-06","1","1622809.5","6.16215273573392e-07","FALSE","FALSE","Y326I","-1.76657724861981","-0.00312997767197334"
"953","Y","326","K","TAC","AAG","976","missense_variant","TAC","AAG","AAG","2","2.12975764932832","0.0178808874901112","265","1776413","0.000149177021334566","1633","2501285.8","0.000652864218874948","1.13047338098551","0.00855926844983385","265","1776413","0.000149177021334566","530","1622809.5","0.000326594094993898","FALSE","FALSE","Y326K","1.63011551515691","0.0132200779699725"
"954","Y","326","L","TAC","CTG","976","missense_variant","TAC","CTG","CTC","2","1.42307974391103","0.0144792777838334","562","1776413","0.000316367871660475","2122","2501285.8","0.000848363669597453","1.50086604839742","0.0103421617353661","562","1776413","0.000316367871660475","1453","1622809.5","0.000895360792502139","FALSE","FALSE","Y326L","1.46197289615422","0.0124107197595997"
"955","Y","326","M","TAC","ATG","976","missense_variant","TAC","ATG","ATG","3","1.13066179568747","0.0130717175313592","1854","1776413","0.00104367621718598","5716","2501285.8","0.0022852246632512","0.0138284621332346","0.00318427346935441","1854","1776413","0.00104367621718598","1710","1622809.5","0.0010537281178105","FALSE","FALSE","Y326M","0.572245128910354","0.00812799550035681"
"956","Y","326","N","T","A","976","missense_variant","TAC","AAC","AAC","1","-0.750794699621684","0.00401528513504159","2132","1776413","0.00120017135654828","1784","2501285.8","0.000713233169916049","-2.2728823132457","-0.0078228593550203","2132","1776413","0.00120017135654828","403","1622809.5","0.000248334755250077","FALSE","FALSE","Y326N","-1.51183850643369","-0.00190378710998936"
"957","Y","326","P","TAC","CCT","976","missense_variant","TAC","CCT","CCC","2","1.06684795789843","0.0127645482136913","298","1776413","0.000167753782481889","879","2501285.8","0.000351419258047201","-0.565133183419644","0.000397428800831326","298","1776413","0.000167753782481889","184","1622809.5","0.000113383610337504","FALSE","FALSE","Y326P","0.250857387239393","0.00658098850726129"
"958","Y","326","Q","TAC","CAG","976","missense_variant","TAC","CAG","CAG","2","0.147157949232752","0.00833760004358177","810","1776413","0.00045597504634339","1263","2501285.8","0.000504940299105364","-3.02351007658779","-0.0114360226731493","810","1776413","0.00045597504634339","91","1622809.5","5.60755898951787e-05","FALSE","FALSE","Y326Q","-1.43817606367752","-0.00154921131478378"
"959","Y","326","R","TAC","AGA","976","missense_variant","TAC","AGA","CGC","2","0.191468102165392","0.00855088794341121","1191","1776413","0.000670452197771577","1915","2501285.8","0.000765606233402037","0.0571739259532734","0.00339291781683304","1191","1776413","0.000670452197771577","1132","1622809.5","0.00069755568968508","FALSE","FALSE","Y326R","0.124321014059333","0.00597190288012213"
"960","Y","326","S","TA","AG","976","missense_variant","TAC","AGC","TCC","1","-0.531853285947091","0.00506916446557181","843","1776413","0.000474551807490713","821","2501285.8","0.000328231184137374","-10.5889154399566","-0.0478522684885116","843","1776413","0.000474551807490713","0.5","1622809.5","3.08107636786696e-07","FALSE","FALSE","Y326S","-5.56038436295183","-0.0213915520114699"
"961","Y","326","S","TAC","AGC","976","missense_variant","TAC","AGC","TCC","1","-3.07866537750397","-0.00718997178914088","3","1776413","1.68879646793848e-06","0.5","2501285.8","1.99897188877816e-07","-2.45448911973565","-0.00869702772924948","3","1776413","1.68879646793848e-06","0.5","1622809.5","3.08107636786696e-07","FALSE","FALSE","Y326S","-2.76657724861981","-0.00794349975919518"
"962","Y","326","T","TA","AC","976","missense_variant","TAC","ACC","ACC","2","-1.87312385716775","-0.00138707105393947","1587","1776413","0.000893373331539456","610","2501285.8","0.000243874570430936","-0.612869782951418","0.000167647624616266","1587","1776413","0.000893373331539456","948","1622809.5","0.000584172079347576","FALSE","FALSE","Y326T","-1.24299682005958","-0.000609711714661601"
"963","Y","326","T","TAC","ACC","976","missense_variant","TAC","ACC","ACC","2","-1.49370287678281","0.000439280215498773","1","1776413","5.62932155979494e-07","0.5","2501285.8","1.99897188877816e-07","-0.869526619014495","-0.00106777572460983","1","1776413","5.62932155979494e-07","0.5","1622809.5","3.08107636786696e-07","FALSE","FALSE","Y326T","-1.18161474789865","-0.00031424775455553"
"964","Y","326","V","TAC","GTG","976","missense_variant","TAC","GTG","GTC","2","-0.460019750526525","0.00541493677492194","1651","1776413","0.000929400989522144","1690","2501285.8","0.000675652498407019","1.49425660438553","0.0103103470306306","1651","1776413","0.000929400989522144","4249","1622809.5","0.00261829869741334","FALSE","FALSE","Y326V","0.517118426929504","0.00786264190277629"
"965","Y","326","W","AC","GG","977","missense_variant","TAC","TGG","TGG","2","-0.114738359147436","0.00707695637863188","1225","1776413","0.000689591891074879","1593","2501285.8","0.000636872443764723","-1.22722584492368","-0.00278956884910584","1225","1776413","0.000689591891074879","478","1622809.5","0.000294550900768082","FALSE","FALSE","Y326W","-0.670982102035558","0.00214369376476302"
"966","Y","342","A","TAC","GCT","1024","missense_variant","TAC","GCT","GCC","2","0.504945715639401","0.0100598193597179","102","1776413","5.74190799099083e-05","207","2540448","8.14816914182066e-05","-6.57879764539338","-0.0285494779120203","102","1776413","5.74190799099083e-05","1","1664789","6.00676722395451e-07","FALSE","FALSE","Y342A","-3.03692596487699","-0.00924482927615117"
"967","Y","342","C","A","G","1025","missense_variant","TAC","TGC","TGC","1","0.84793767067161","0.0117108187110049","108","1776413","6.07966728457853e-05","278","2540448","0.000109429517943292","1.06666064897785","0.00825210445486903","108","1776413","6.07966728457853e-05","212","1664789","0.000127343465147836","FALSE","FALSE","Y342C","0.95729915982473","0.00998146158293696"
"968","Y","342","D","TAC","GAT","1024","missense_variant","TAC","GAT","GAC","1","-9.61940370830045","-0.0386739602111683","275","1776413","0.000154806342894361","0.5","2540448","1.96815679754122e-07","-9.0096601118339","-0.0402504880852303","275","1776413","0.000154806342894361","0.5","1664789","3.00338361197725e-07","FALSE","FALSE","Y342D","-9.31453191006718","-0.0394622241481993"
"969","Y","342","E","TAC","GAG","1024","missense_variant","TAC","GAG","GAG","2","-2.0408913945345","-0.00219462380057313","446","1776413","0.000251067741566854","155","2540448","6.10128607237779e-05","1.67318886174679","0.0111716414035555","446","1776413","0.000251067741566854","1333","1664789","0.000800702070953136","FALSE","FALSE","Y342E","-0.183851266393854","0.00448850880149119"
"970","Y","342","F","A","T","1025","missense_variant","TAC","TTC","TTC","1","-0.595187470879628","0.00476430396752286","150","1776413","8.4439823396924e-05","142","2540448","5.58956530501707e-05","-1.742873571139","-0.00527165056846902","150","1776413","8.4439823396924e-05","42","1664789","2.52284223406089e-05","FALSE","FALSE","Y342F","-1.16903052100931","-0.000253673300473083"
"971","Y","342","G","TAC","GGT","1024","missense_variant","TAC","GGT","GGC","2","0.612714080456524","0.010578564764069","91","1776413","5.12268261941339e-05","199","2540448","7.83326405421406e-05","0.15568866471037","0.00386712068775722","91","1776413","5.12268261941339e-05","95","1664789","5.70642886275678e-05","FALSE","FALSE","Y342G","0.384201372583447","0.00722284272591308"
"972","Y","342","H","T","C","1024","missense_variant","TAC","CAC","CAC","1","-1.41375418225875","0.0008241150224349","408","1776413","0.000229676319639633","219","2540448","8.62052677323055e-05","-0.733307594449002","-0.000412082441164013","408","1776413","0.000229676319639633","230","1664789","0.000138155646150954","FALSE","FALSE","Y342H","-1.07353088835388","0.000206016290635443"
"973","Y","342","I","TA","AT","1024","missense_variant","TAC","ATC","ATC","2","-0.0256912788948454","0.00750558646623034","247","1776413","0.000139044242526935","347","2540448","0.000136590081749361","0.558888394017614","0.0058079314903395","247","1776413","0.000139044242526935","341","1664789","0.000204830762336849","FALSE","FALSE","Y342I","0.266598557561384","0.00665675897828492"
"974","Y","342","K","TAC","AAG","1024","missense_variant","TAC","AAG","AAG","2","-2.51611589988843","-0.00448212745348337","2","1776413","1.12586431195899e-06","0.5","2540448","1.96815679754122e-07","-1.90637230342188","-0.00605865532754543","2","1776413","1.12586431195899e-06","0.5","1664789","3.00338361197725e-07","FALSE","FALSE","Y342K","-2.21124410165516","-0.0052703913905144"
"975","Y","342","L","TAC","CTG","1024","missense_variant","TAC","CTG","CTC","2","-0.803812359956492","0.00376008345600716","177","1776413","9.96389916083704e-05","145","2540448","5.70765471286954e-05","-6.37397785350488","-0.0275635733198648","177","1776413","9.96389916083704e-05","2","1664789","1.2013534447909e-06","FALSE","FALSE","Y342L","-3.58889510673069","-0.0119017449319288"
"976","Y","342","M","TAC","ATG","1024","missense_variant","TAC","ATG","ATG","3","-0.59929138273567","0.00474454969715978","357","1776413","0.000200966779684679","337","2540448","0.000132653768154278","1.06505854438135","0.00824439268900774","357","1776413","0.000200966779684679","700","1664789","0.000420473705676816","FALSE","FALSE","Y342M","0.232883580822839","0.00649447119308376"
"977","Y","342","N","T","A","1024","missense_variant","TAC","AAC","AAC","1","-5.66586301939311","-0.0196435047823825","71","1776413","3.9968183074544e-05","2","2540448","7.87262719016488e-07","-5.05611942292656","-0.0212200326564446","71","1776413","3.9968183074544e-05","2","1664789","1.2013534447909e-06","FALSE","FALSE","Y342N","-5.36099122115984","-0.0204317687194136"
"978","Y","342","P","TAC","CCT","1024","missense_variant","TAC","CCT","CCC","2","-0.376509832592847","0.00581691360939778","187","1776413","0.000105268313168165","206","2540448","8.10880600586983e-05","-1.32398374636455","-0.00325531514480472","187","1776413","0.000105268313168165","70","1664789","4.20473705676815e-05","FALSE","FALSE","Y342P","-0.850246789478699","0.00128079923229653"
"979","Y","342","Q","TAC","CAG","1024","missense_variant","TAC","CAG","CAG","2","-2.05596620098102","-0.00226718671436409","913","1776413","0.000513957058409278","314","2540448","0.000123600246885589","-3.26510992243971","-0.0125989688674269","913","1776413","0.000513957058409278","89","1664789","5.34602282931951e-05","FALSE","FALSE","Y342Q","-2.66053806171036","-0.00743307779089552"
"980","Y","342","R","TAC","AGA","1024","missense_variant","TAC","AGA","CGC","2","-1.47603846051309","0.00052430827337095","284","1776413","0.000159872732298176","146","2540448","5.74701784882037e-05","0.0206961741242676","0.00321733135271192","284","1776413","0.000159872732298176","270","1664789","0.000162182715046772","FALSE","FALSE","Y342R","-0.727671143194413","0.00187081981304144"
"981","Y","342","T","TA","AC","1024","missense_variant","TAC","ACC","ACC","2","-0.344260871347716","0.00597214469664118","166","1776413","9.34467378925959e-05","187","2540448","7.36090642280417e-05","-0.0915871758887886","0.00267685296739682","166","1776413","9.34467378925959e-05","146","1664789","8.76988014697358e-05","FALSE","FALSE","Y342T","-0.217924023618253","0.004324498832019"
"982","Y","342","V","TAC","GTG","1024","missense_variant","TAC","GTG","GTC","2","-0.5446850520852","0.00500739847584796","204","1776413","0.000114838159819817","200","2540448","7.87262719016488e-05","-2.18648022261462","-0.00740696098338541","204","1776413","0.000114838159819817","42","1664789","2.52284223406089e-05","FALSE","FALSE","Y342V","-1.36558263734991","-0.00119978125376873"
"983","Y","353","A","TAC","GCT","1057","missense_variant","TAC","GCT","GCC","2","-0.357480832350481","0.00590851012236216","1","2988286.5","3.34639934959382e-07","1","3828553.2","2.61195273452123e-07","0.946006913999675","0.00767133503664578","1","2988286.5","3.34639934959382e-07","2","3102242.7","6.44694884768364e-07","FALSE","FALSE","Y353A","0.294263040824597","0.00678992257950397"
"984","Y","353","C","A","G","1058","missense_variant","TAC","TGC","TGC","1","-0.698517750185548","0.00426692138580501","57","2988286.5","1.90744762926848e-05","45","3828553.2","1.17537873053455e-05","-1.5649550052777","-0.00441523562196883","57","2988286.5","1.90744762926848e-05","20","3102242.7","6.44694884768364e-06","FALSE","FALSE","Y353C","-1.13173637773163","-7.41571180819128e-05"
"985","Y","353","D","TAC","GAT","1057","missense_variant","TAC","GAT","GAC","1","-7.08540128691368","-0.0264764835867494","53","2988286.5","1.77359165528473e-05","0.5","3828553.2","1.30597636726061e-07","-6.78191354056352","-0.0295271807596876","53","2988286.5","1.77359165528473e-05","0.5","3102242.7","1.61173721192091e-07","FALSE","FALSE","Y353D","-6.9336574137386","-0.0280018321732185"
"986","Y","353","F","A","T","1058","missense_variant","TAC","TTC","TTC","1","1.37043962221272","0.0142258933953645","16","2988286.5","5.35423895935012e-06","53","3828553.2","1.38433494929625e-05","-0.594561467363028","0.000255775106080809","16","2988286.5","5.35423895935012e-06","11","3102242.7","3.545821866226e-06","FALSE","FALSE","Y353F","0.387939077424845","0.00724083425072267"
"987","Y","353","G","TAC","GGT","1057","missense_variant","TAC","GGT","GGC","2","-1.35748083235048","0.00109498803514032","1","2988286.5","3.34639934959382e-07","0.5","3828553.2","1.30597636726061e-07","-1.05399308600033","-0.0019557091377979","1","2988286.5","3.34639934959382e-07","0.5","3102242.7","1.61173721192091e-07","FALSE","FALSE","Y353G","-1.2057369591754","-0.000430360551328792"
"988","Y","353","H","T","C","1057","missense_variant","TAC","CAC","CAC","1","-1.21730317430222","0.00176973628829065","98","2988286.5","3.27947136260195e-05","54","3828553.2","1.41045447664146e-05","-1.81072193498796","-0.00559824016643785","98","2988286.5","3.27947136260195e-05","29","3102242.7","9.34807582914128e-06","FALSE","FALSE","Y353H","-1.51401255464509","-0.0019142519390736"
"989","Y","353","N","T","A","1057","missense_variant","TAC","AAC","AAC","1","-4.48676384929545","-0.0139678848840925","35","2988286.5","1.17123977235784e-05","2","3828553.2","5.22390546904246e-07","-6.18327610294529","-0.0266456262314744","35","2988286.5","1.17123977235784e-05","0.5","3102242.7","1.61173721192091e-07","FALSE","FALSE","Y353N","-5.33501997612037","-0.0203067555577834"
"990","Y","353","Q","TAC","CAG","1057","missense_variant","TAC","CAG","CAG","2","-5.16483575440808","-0.0172317989760768","14","2988286.5","4.68495908943135e-06","0.5","3828553.2","1.30597636726061e-07","-4.86134800805793","-0.020282496149015","14","2988286.5","4.68495908943135e-06","0.5","3102242.7","1.61173721192091e-07","FALSE","FALSE","Y353Q","-5.01309188123301","-0.0187571475625459"
"991","Y","353","T","TA","AC","1057","missense_variant","TAC","ACC","ACC","2","-0.942443333071637","0.00309278020494436","81","2988286.5","2.710583473171e-05","54","3828553.2","1.41045447664146e-05","-7.39384308888495","-0.0324727171563565","81","2988286.5","2.710583473171e-05","0.5","3102242.7","1.61173721192091e-07","FALSE","FALSE","Y353T","-4.16814321097829","-0.0146899684757061"
"992","Y","393","C","A","G","1178","missense_variant","TAC","TGC","TGC","1","3.02455293358439","0.0221880043544197","33","3556538.8","9.27868409589683e-06","395","5231540","7.550358020774e-05","-0.187510711568148","0.00221512290971981","33","3556538.8","9.27868409589683e-06","28","3436513","8.14779399932432e-06","FALSE","FALSE","Y393C","1.41852111100812","0.0122015636320698"
"993","Y","393","D","TAC","GAT","1177","missense_variant","TAC","GAT","GAC","1","0.984000906689003","0.0123657621028335","232","3556538.8","6.5231960916608e-05","675","5231540","0.00012902510541829","-3.22349000867371","-0.0123986304932461","232","3556538.8","6.5231960916608e-05","24","3436513","6.98382342799227e-06","FALSE","FALSE","Y393D","-1.11974455099236","-1.64341952062982e-05"
"994","Y","393","F","A","T","1178","missense_variant","TAC","TTC","TTC","1","4.90266982851568","0.031228361510556","1","3556538.8","2.81172245330207e-07","44","5231540","8.41052539022926e-06","1.0495284857327","0.00816963840868663","1","3556538.8","2.81172245330207e-07","2","3436513","5.81985285666023e-07","FALSE","FALSE","Y393F","2.97609915712419","0.0196989999596213"
"995","Y","393","G","TAC","GGT","1177","missense_variant","TAC","GGT","GGC","2","-10.6678974603563","-0.0437209080450033","553","3556538.8","0.000155488251667604","0.5","5231540","9.55741521616962e-08","-10.061607184502","-0.0453140585541066","553","3556538.8","0.000155488251667604","0.5","3436513","1.45496321416506e-07","FALSE","FALSE","Y393G","-10.3647523224292","-0.044517483299555"
"996","Y","393","H","T","C","1177","missense_variant","TAC","CAC","CAC","1","0.028200710599538","0.00776499674798588","150","3556538.8","4.21758367995311e-05","225","5231540","4.30083684727633e-05","0.521149513377913","0.00562627455483327","150","3556538.8","4.21758367995311e-05","208","3436513","6.05264697092663e-05","FALSE","FALSE","Y393H","0.274675111988725","0.00669563565140957"
"997","Y","393","K","TAC","AAG","1177","missense_variant","TAC","AAG","AAG","2","-8.42712650970502","-0.0329349075816382","117","3556538.8","3.28971527036342e-05","0.5","5231540","9.55741521616962e-08","-7.8208362338507","-0.0345280580907415","117","3556538.8","3.28971527036342e-05","0.5","3436513","1.45496321416506e-07","FALSE","FALSE","Y393K","-8.12398137177786","-0.0337314828361898"
"998","Y","393","N","T","A","1177","missense_variant","TAC","AAC","AAC","1","1.69116572332197","0.0157697155670024","8","3556538.8","2.24937796264166e-06","38","5231540","7.26363556428891e-06","1.44184590851146","0.0100580669884341","8","3556538.8","2.24937796264166e-06","21","3436513","6.11084549949324e-06","FALSE","FALSE","Y393N","1.56650581591671","0.0129138912777183"
"999","Y","393","P","TAC","CCT","1177","missense_variant","TAC","CCT","CCC","2","-1.55676179012162","0.000135744743346226","1","3556538.8","2.81172245330207e-07","0.5","5231540","9.55741521616962e-08","-0.950471514267299","-0.00145740576575706","1","3556538.8","2.81172245330207e-07","0.5","3436513","1.45496321416506e-07","FALSE","FALSE","Y393P","-1.25361665219446","-0.000660830511205417"
"1000","Y","393","Q","TAC","CAG","1177","missense_variant","TAC","CAG","CAG","2","-9.54544647689379","-0.0383179654442825","254","3556538.8","7.14177503138726e-05","0.5","5231540","9.55741521616962e-08","-8.93915620103946","-0.0399111159533858","254","3556538.8","7.14177503138726e-05","0.5","3436513","1.45496321416506e-07","FALSE","FALSE","Y393Q","-9.24230133896662","-0.0391145406988341"
"1001","Y","393","V","TAC","GTG","1177","missense_variant","TAC","GTG","GTC","2","0.790852948429394","0.0114360401396491","167","3556538.8","4.69557649701446e-05","425","5231540","8.12380293374417e-05","-8.33417580674135","-0.0369990294630956","167","3556538.8","4.69557649701446e-05","0.5","3436513","1.45496321416506e-07","FALSE","FALSE","Y393V","-3.77166142915598","-0.0127814946617233"
"1002","Y","393","W","AC","GG","1178","missense_variant","TAC","TGG","TGG","2","-7.7855804806175","-0.0298468116006559","75","3556538.8","2.10879183997655e-05","0.5","5231540","9.55741521616962e-08","-7.17929020476318","-0.0314399621097592","75","3556538.8","2.10879183997655e-05","0.5","3436513","1.45496321416506e-07","FALSE","FALSE","Y393W","-7.48243534269034","-0.0306433868552076"
